# z, Alpha
0.000000000000000000e+00 0.000000000000000000e+00
1.200000000000000000e+01 1.484182956120012054e-01
2.400000000000000000e+01 4.738298730230138672e-02
3.600000000000000000e+01 8.002279212154587984e-02
4.800000000000000000e+01 6.925362105800778045e-02
6.000000000000000000e+01 8.465503147330713518e-02
7.200000000000000000e+01 8.092007695339574480e-02
8.400000000000000000e+01 8.789092844770636515e-02
9.600000000000000000e+01 8.659237721978799152e-02
1.080000000000000000e+02 9.614123497489758530e-02
1.200000000000000000e+02 9.241045598600750033e-02
1.320000000000000000e+02 9.541311257145682068e-02
1.440000000000000000e+02 8.373926525889330286e-02
1.560000000000000000e+02 8.550993283248982391e-02
1.680000000000000000e+02 9.024505276704794521e-02
1.800000000000000000e+02 9.767826804804252694e-02
1.920000000000000000e+02 8.827020284601895528e-02
2.040000000000000000e+02 1.013302502314345627e-01
2.160000000000000000e+02 9.345873374485300089e-02
2.280000000000000000e+02 8.077225007945880442e-02
2.400000000000000000e+02 8.358112131057923722e-02
2.520000000000000000e+02 9.016851252692767438e-02
2.640000000000000000e+02 8.401428113459478986e-02
2.760000000000000000e+02 8.480116993915803869e-02
2.880000000000000000e+02 6.694314343752455487e-02
3.000000000000000000e+02 6.531304132332078904e-02
3.120000000000000000e+02 6.709559440344135817e-02
3.240000000000000000e+02 6.954309105678074809e-02
3.360000000000000000e+02 6.175624762619459640e-02
3.480000000000000000e+02 6.383436948787142573e-02
3.600000000000000000e+02 5.522942113805134889e-02
3.720000000000000000e+02 4.644370018329522370e-02
3.840000000000000000e+02 5.860093382403532697e-02
3.960000000000000000e+02 5.321776139283144330e-02
4.080000000000000000e+02 5.899113181402120681e-02
4.200000000000000000e+02 5.947828170594452596e-02
4.320000000000000000e+02 5.291731723305288099e-02
4.440000000000000000e+02 4.376710637765916789e-02
4.560000000000000000e+02 4.596017341339850987e-02
4.680000000000000000e+02 4.024554065382542067e-02
4.800000000000000000e+02 3.924746771799265260e-02
4.920000000000000000e+02 4.735906559065260202e-02
5.040000000000000000e+02 4.181757075075507452e-02
5.160000000000000000e+02 2.788193539246198310e-02
5.280000000000000000e+02 3.073741451495425395e-02
5.400000000000000000e+02 1.833286981299587712e-02
5.520000000000000000e+02 2.574145591632436003e-02
5.640000000000000000e+02 1.359404039413593911e-02
5.760000000000000000e+02 1.455386820933310399e-02
5.880000000000000000e+02 7.911125183390701684e-03
6.000000000000000000e+02 1.454217022475119865e-02
6.120000000000000000e+02 9.994854921935299868e-03
6.240000000000000000e+02 1.150121236886270104e-02
6.360000000000000000e+02 -1.862284267540426086e-03
6.480000000000000000e+02 4.310622512135485994e-03
6.600000000000000000e+02 -6.489029700591926160e-04
6.720000000000000000e+02 1.264765847704469974e-02
6.840000000000000000e+02 -4.513761157800564097e-04
6.960000000000000000e+02 5.156532684373945664e-03
7.080000000000000000e+02 -7.763496125037306402e-04
7.200000000000000000e+02 8.960966881693436040e-03
7.320000000000000000e+02 -1.703987461933348380e-02
7.440000000000000000e+02 6.366181399248159976e-03
7.560000000000000000e+02 -6.677009239959772998e-04
7.680000000000000000e+02 7.162234618132077603e-03
7.800000000000000000e+02 3.190221050611541462e-03
7.920000000000000000e+02 1.580944848514134748e-02
8.040000000000000000e+02 -2.852416353544466252e-03
8.160000000000000000e+02 6.692415959444614204e-03
8.280000000000000000e+02 -3.914126504103071546e-04
8.400000000000000000e+02 -2.308610575922232649e-03
8.520000000000000000e+02 -4.983083304561201909e-03
8.640000000000000000e+02 1.801253056375933664e-02
8.760000000000000000e+02 -7.549219542634151396e-03
8.880000000000000000e+02 3.094640579122823199e-02
9.000000000000000000e+02 4.142515900566716078e-03
9.120000000000000000e+02 1.942685451579258607e-02
9.240000000000000000e+02 -9.629380010967858450e-03
9.360000000000000000e+02 2.675335478413978091e-02
9.480000000000000000e+02 1.549308888779322123e-02
9.600000000000000000e+02 2.267270728994010345e-02
9.720000000000000000e+02 5.098490936838896009e-02
9.840000000000000000e+02 1.733544326875898628e-02
9.960000000000000000e+02 -5.684219333206179392e-02
1.008000000000000000e+03 -2.145812524909362223e-02
1.020000000000000000e+03 -2.734710460185655126e-02
1.032000000000000000e+03 -2.458246886387031177e-02
1.044000000000000000e+03 -2.949663595711908212e-02
1.056000000000000000e+03 -5.371518350099760419e-02
1.068000000000000000e+03 -2.856244064351616888e-02
1.080000000000000000e+03 -1.918955137294247118e-02
1.092000000000000000e+03 3.216121368771950040e-02
1.104000000000000000e+03 -4.794245084587611672e-02
1.116000000000000000e+03 4.336644299211291076e-02
1.128000000000000000e+03 -7.880853067055276773e-02
1.140000000000000000e+03 6.566021742411543016e-02
1.152000000000000000e+03 -4.490101934434854308e-02
1.164000000000000000e+03 9.272323858434268831e-03
1.176000000000000000e+03 8.407149450379758707e-03
1.188000000000000000e+03 -7.936038481353397539e-03
1.200000000000000000e+03 9.391564410015415532e-03
1.212000000000000000e+03 2.096498368865302650e-02
1.224000000000000000e+03 -1.054557248683556381e-01
1.236000000000000000e+03 2.054242178523798534e-01
1.248000000000000000e+03 -2.375697527210661741e-01
1.260000000000000000e+03 2.755426210040189394e-01
1.272000000000000000e+03 -3.269028014647782365e-01
1.284000000000000000e+03 3.581160072378461456e-01
1.296000000000000000e+03 -3.856748107463872643e-01
1.308000000000000000e+03 4.027569296668972454e-01
1.320000000000000000e+03 -4.091832329243657029e-01
1.332000000000000000e+03 4.156231067770003729e-01
1.344000000000000000e+03 -4.169470764920563122e-01
1.356000000000000000e+03 4.205451605591395414e-01
1.368000000000000000e+03 -4.202191283417203160e-01
1.380000000000000000e+03 4.226397254619594923e-01
1.392000000000000000e+03 -4.216215835306995063e-01
1.404000000000000000e+03 4.235113490742208331e-01
1.416000000000000000e+03 -4.221774818566541576e-01
1.428000000000000000e+03 4.236587120498404024e-01
1.440000000000000000e+03 -4.220945946111807068e-01
1.452000000000000000e+03 4.232900995659406029e-01
1.464000000000000000e+03 -4.215603496466552857e-01
1.476000000000000000e+03 4.225290428683815547e-01
1.488000000000000000e+03 -4.206263404821644625e-01
1.500000000000000000e+03 4.214345027706585256e-01
1.512000000000000000e+03 -4.194243454114666148e-01
1.524000000000000000e+03 4.201318947620865663e-01
1.536000000000000000e+03 -4.180918673228988802e-01
1.548000000000000000e+03 4.187466062249948773e-01
1.560000000000000000e+03 -4.166074744919945338e-01
1.572000000000000000e+03 4.171171533546660926e-01
1.584000000000000000e+03 -4.148623917683876283e-01
1.596000000000000000e+03 4.151101661641127816e-01
1.608000000000000000e+03 -4.127975263058120126e-01
1.620000000000000000e+03 4.128647767249147837e-01
1.632000000000000000e+03 -4.103778181068336028e-01
1.644000000000000000e+03 4.102927672244363055e-01
1.656000000000000000e+03 -4.076038306725052185e-01
1.668000000000000000e+03 4.071682077182146031e-01
1.680000000000000000e+03 -4.042568689171373020e-01
1.692000000000000000e+03 4.032865930317662273e-01
1.704000000000000000e+03 -3.997947438749165361e-01
1.716000000000000000e+03 3.981091133102375723e-01
1.728000000000000000e+03 -3.936347855748618119e-01
1.740000000000000000e+03 3.905808312301365381e-01
1.752000000000000000e+03 -3.845907523769327430e-01
1.764000000000000000e+03 3.783008874117801401e-01
1.776000000000000000e+03 -3.692849782970200612e-01
1.788000000000000000e+03 3.518154547343814165e-01
1.800000000000000000e+03 -3.085976967795518444e-01
1.812000000000000000e+03 2.495350055501876774e-01
1.824000000000000000e+03 -2.665147497829479240e-01
1.836000000000000000e+03 1.138963155292278817e-01
1.848000000000000000e+03 -1.751014209962482859e-02
1.860000000000000000e+03 1.540187856989611893e-02
1.872000000000000000e+03 5.930153647160835151e-02
1.884000000000000000e+03 3.761734432158934938e-02
1.896000000000000000e+03 8.195318939651514978e-02
1.908000000000000000e+03 6.266503459551575617e-02
1.920000000000000000e+03 6.303431124520525453e-02
