# z, uu, vv, ww, tke
0.000000000000000000e+00 3.516752081308059985e+01 3.516742092718062196e+01 3.516803393005459810e+01 5.275148783515791706e+01
1.200000000000000000e+01 2.967883870621599862e-01 2.966481633905316828e-01 2.968882974849248457e-01 4.451624239688082851e-01
2.400000000000000000e+01 2.523382388783849128e-01 2.520777247177258817e-01 2.522830796405367559e-01 3.783495216183237475e-01
3.600000000000000000e+01 1.310661227458388700e-01 1.309225020844941578e-01 1.310245103941891087e-01 1.965065676122610683e-01
4.800000000000000000e+01 1.177224159863222708e-01 1.176012730342737289e-01 1.176808139668899661e-01 1.765022514937429898e-01
6.000000000000000000e+01 1.011390665738071265e-01 1.010385472135394980e-01 1.011023464100238162e-01 1.516399800986852064e-01
7.200000000000000000e+01 9.074436707108440858e-02 9.065697582992564285e-02 9.071017407481506145e-02 1.360557584879125703e-01
8.400000000000000000e+01 8.041096076568317319e-02 8.033586138158871348e-02 8.038623995954723156e-02 1.205665310534095591e-01
9.600000000000000000e+01 7.291852091665523838e-02 7.285083186865311256e-02 7.289295744852289372e-02 1.093311551169156154e-01
1.080000000000000000e+02 6.691408863028096288e-02 6.685032042432927091e-02 6.689199638439095874e-02 1.003282027195006032e-01
1.200000000000000000e+02 6.220189714048110496e-02 6.214206769893169252e-02 6.217914377603954434e-02 9.326155430772617438e-02
1.320000000000000000e+02 5.738895755845357938e-02 5.733233867124828270e-02 5.736903783937133405e-02 8.604516703453660154e-02
1.440000000000000000e+02 5.289657399932860132e-02 5.284534938182031127e-02 5.287860957401485651e-02 7.931026647758188108e-02
1.560000000000000000e+02 4.834088564558319118e-02 4.829646902806228326e-02 4.832545665558782289e-02 7.248140566461665213e-02
1.680000000000000000e+02 4.479859474389518564e-02 4.475814942690974074e-02 4.478318550259879210e-02 6.716996483670185925e-02
1.800000000000000000e+02 4.189526047444815104e-02 4.185737136880363779e-02 4.188294264129512751e-02 6.281778724227346511e-02
1.920000000000000000e+02 3.913434206838928980e-02 3.910119171156730550e-02 3.912297585656090287e-02 5.867925481825875256e-02
2.040000000000000000e+02 3.662837866428402672e-02 3.659698965096595813e-02 3.661746746312383866e-02 5.492141788918690481e-02
2.160000000000000000e+02 3.413643478017498040e-02 3.410559385528779547e-02 3.412606337294816355e-02 5.118404600420546624e-02
2.280000000000000000e+02 3.123522589738914751e-02 3.121092787775855276e-02 3.122715827249215870e-02 4.683665602381992948e-02
2.400000000000000000e+02 2.851085386299057403e-02 2.848982265252589588e-02 2.850364522420068339e-02 4.275216086985857838e-02
2.520000000000000000e+02 2.642960650136727194e-02 2.640931779812199717e-02 2.642273467775747842e-02 3.963082948862337029e-02
2.640000000000000000e+02 2.439330056725865295e-02 2.437467832855904487e-02 2.438655337290001474e-02 3.657726613435885454e-02
2.760000000000000000e+02 2.225759299599918556e-02 2.224067626866510494e-02 2.225287704254874654e-02 3.337557315360652199e-02
2.880000000000000000e+02 2.052171528986946811e-02 2.050720268942979319e-02 2.051692569947278361e-02 3.077292183938602418e-02
3.000000000000000000e+02 1.888657393669629717e-02 1.887431342026348047e-02 1.888409325793777988e-02 2.832249030744877702e-02
3.120000000000000000e+02 1.733666054340386384e-02 1.732539922167774041e-02 1.733364240397008982e-02 2.599785108452584703e-02
3.240000000000000000e+02 1.598465541297694123e-02 1.597549303751329836e-02 1.598256051294685495e-02 2.397135448171854727e-02
3.360000000000000000e+02 1.466202937440049328e-02 1.465269435283454193e-02 1.465985456502840248e-02 2.198728914613171798e-02
3.480000000000000000e+02 1.324757554422503411e-02 1.323927679705256232e-02 1.324561528430642961e-02 1.986623381279201128e-02
3.600000000000000000e+02 1.186258488450466810e-02 1.185521587438008104e-02 1.186110660968130344e-02 1.778945368428302629e-02
3.720000000000000000e+02 1.059028606830389463e-02 1.058479597694426261e-02 1.058945195868008123e-02 1.588226700196411836e-02
3.840000000000000000e+02 9.432634758786424822e-03 9.427948891537658166e-03 9.432341356571812344e-03 1.414646250344794853e-02
3.960000000000000000e+02 8.550139014600761575e-03 8.545364617734276663e-03 8.549778161825224293e-03 1.282264089708013040e-02
4.080000000000000000e+02 7.714579589214773381e-03 7.710513776232305432e-03 7.714607210318647976e-03 1.156985028788286296e-02
4.200000000000000000e+02 6.899836237779725066e-03 6.896171602111582366e-03 6.899824326840298463e-03 1.034791608336580251e-02
4.320000000000000000e+02 6.096579781419902283e-03 6.093577433605757397e-03 6.096678537690324029e-03 9.143417876357992288e-03
4.440000000000000000e+02 5.363104291081230782e-03 5.360510118655818432e-03 5.363451195408941614e-03 8.043532802572994980e-03
4.560000000000000000e+02 4.669303565761720974e-03 4.667345705701078998e-03 4.670319876584234052e-03 7.003484574023517012e-03
4.680000000000000000e+02 4.026682856923852367e-03 4.025186148009352212e-03 4.028052346129401030e-03 6.039960675531303239e-03
4.800000000000000000e+02 3.444026617628197923e-03 3.442993427670755675e-03 3.445784230815809087e-03 5.166402138057381126e-03
4.920000000000000000e+02 2.966662285827158935e-03 2.965914480999320285e-03 2.968206384597795594e-03 4.450391575712137407e-03
5.040000000000000000e+02 2.538410619869349918e-03 2.537821126955613557e-03 2.539806554873383707e-03 3.808019150849173591e-03
5.160000000000000000e+02 2.182122245994978175e-03 2.181754458971891467e-03 2.183181285225112376e-03 3.273528995095991226e-03
5.280000000000000000e+02 1.891378683760772811e-03 1.891201682119150783e-03 1.892342597430130306e-03 2.837461481655026950e-03
5.400000000000000000e+02 1.649728322799860021e-03 1.649604956041216073e-03 1.650490838468288406e-03 2.474912058654681925e-03
5.520000000000000000e+02 1.481590998156778229e-03 1.481575985799435738e-03 1.482475341618096900e-03 2.222821162787155542e-03
5.640000000000000000e+02 1.340255470805784164e-03 1.340230547562847908e-03 1.340909099913910199e-03 2.010697559141271136e-03
5.760000000000000000e+02 1.233797656545083075e-03 1.233809860463488213e-03 1.234383649693796730e-03 1.850995583351184009e-03
5.880000000000000000e+02 1.153737196830369443e-03 1.153745538124585765e-03 1.154029339244401009e-03 1.730756037099677892e-03
6.000000000000000000e+02 1.112533506924111163e-03 1.112534909207952075e-03 1.113001181440167109e-03 1.669034798786115173e-03
6.120000000000000000e+02 1.081626924498566922e-03 1.081603284984658259e-03 1.081848196377412650e-03 1.622539202930318916e-03
6.240000000000000000e+02 1.063027086133091353e-03 1.063021469737135839e-03 1.063411399853235375e-03 1.594729977861731283e-03
6.360000000000000000e+02 1.064290987663518316e-03 1.064265997323685011e-03 1.064501416445082010e-03 1.596529200716142669e-03
6.480000000000000000e+02 1.065370532968045510e-03 1.065360938581180663e-03 1.065787502707883248e-03 1.598259487128554819e-03
6.600000000000000000e+02 1.077197145360724983e-03 1.077184219003441811e-03 1.077377305104424169e-03 1.615879334734295590e-03
6.720000000000000000e+02 1.071625040163659386e-03 1.071606986121375433e-03 1.072017655094670112e-03 1.607624840689852574e-03
6.840000000000000000e+02 1.066248851155690959e-03 1.066215467387080559e-03 1.066338146843416991e-03 1.599401232693094255e-03
6.960000000000000000e+02 1.082323488973004283e-03 1.082239494438171209e-03 1.082632565476303625e-03 1.623597774443739667e-03
7.080000000000000000e+02 1.087909684294533982e-03 1.087946324126133927e-03 1.087983532274445272e-03 1.631919770347556699e-03
7.200000000000000000e+02 1.079402055370949718e-03 1.079448079146216486e-03 1.079669737712323635e-03 1.619259936114744811e-03
7.320000000000000000e+02 1.066591233003322779e-03 1.066603849711526570e-03 1.066698096052324336e-03 1.599946589383586734e-03
7.440000000000000000e+02 1.055488625364742888e-03 1.055506521614371813e-03 1.055846476023780981e-03 1.583420811501447950e-03
7.560000000000000000e+02 1.041014853344787456e-03 1.041021298893043826e-03 1.041107546641550701e-03 1.561571849439691208e-03
7.680000000000000000e+02 1.026116962660892284e-03 1.026153326022817168e-03 1.026495032881616148e-03 1.539382660782662691e-03
7.800000000000000000e+02 1.027094959666697551e-03 1.027023343420763570e-03 1.027057750360105921e-03 1.540588026723783630e-03
7.920000000000000000e+02 9.948605152131403517e-04 9.948015467536818444e-04 9.952168690528411313e-04 1.492439465509831555e-03
8.040000000000000000e+02 9.757538201750730333e-04 9.756640678500758199e-04 9.757724462908658842e-04 1.463595167158007315e-03
8.160000000000000000e+02 9.388805379340201462e-04 9.388472446806062121e-04 9.392414941019174230e-04 1.408484638358271836e-03
8.280000000000000000e+02 9.140473473113539101e-04 9.140444843267698030e-04 9.140027248204352474e-04 1.371047278229279480e-03
8.400000000000000000e+02 8.844239172399577737e-04 8.843970204464797783e-04 8.847244082404621957e-04 1.326772672963449874e-03
8.520000000000000000e+02 8.800945646265558985e-04 8.800518592481427647e-04 8.800642336383910323e-04 1.320105328756544794e-03
8.640000000000000000e+02 8.761234814307244153e-04 8.760950249015093689e-04 8.764993848280962403e-04 1.314358945580165012e-03
8.760000000000000000e+02 8.822284670431983699e-04 8.822418152305302975e-04 8.822055965689941295e-04 1.323337939421361398e-03
8.880000000000000000e+02 8.683132318321104808e-04 8.683076479217484997e-04 8.686459545779874310e-04 1.302633417165923206e-03
9.000000000000000000e+02 8.310257776193935662e-04 8.310276482216973721e-04 8.308802249390790685e-04 1.246466825390084949e-03
9.120000000000000000e+02 8.239323720560758199e-04 8.238549689979921464e-04 8.242231152209477047e-04 1.236005228137507890e-03
9.240000000000000000e+02 8.230331246859238364e-04 8.229535018798294363e-04 8.229121642852828310e-04 1.234449395425517943e-03
9.360000000000000000e+02 8.106490917136490284e-04 8.105135754994663433e-04 8.108499200019729210e-04 1.216006293607544038e-03
9.480000000000000000e+02 8.212246820554835536e-04 8.209752640360616161e-04 8.208505638963092344e-04 1.231525254993927256e-03
9.600000000000000000e+02 8.177604090343172172e-04 8.176151975622566450e-04 8.179435206699471649e-04 1.226659563633260459e-03
9.720000000000000000e+02 8.933126806460987834e-04 8.932852297080215486e-04 8.929874095576166961e-04 1.339792659955868406e-03
9.840000000000000000e+02 8.942892102544760906e-04 8.941746079435582010e-04 8.945062858339124104e-04 1.341485052015973243e-03
9.960000000000000000e+02 9.832052029027102749e-04 9.830243250257126014e-04 9.829757913397589933e-04 1.474602659634091043e-03
1.008000000000000000e+03 9.741551920526031905e-04 9.740645813482570400e-04 9.747593423012236710e-04 1.461489557851041897e-03
1.020000000000000000e+03 9.679509490830667763e-04 9.677878599775961970e-04 9.679935175677045148e-04 1.451866163314183798e-03
1.032000000000000000e+03 8.247714466306363054e-04 8.246218905402946013e-04 8.258571765114826671e-04 1.237625256841206733e-03
1.044000000000000000e+03 7.378116069298372263e-04 7.376589380167677523e-04 7.384363750822173222e-04 1.106953460014411042e-03
1.056000000000000000e+03 6.548645057305322236e-04 6.547524344160245103e-04 6.559628411784466191e-04 9.827898906625016223e-04
1.068000000000000000e+03 4.219621209774795088e-04 4.219005312015145339e-04 4.219544426634421895e-04 6.329085474212181161e-04
1.080000000000000000e+03 3.791197477854026370e-04 3.790611027433824138e-04 3.791703480449105631e-04 5.686755992868478340e-04
1.092000000000000000e+03 4.171342972174805477e-04 4.171763178969361565e-04 4.172141530407533086e-04 6.257623840775850335e-04
1.104000000000000000e+03 4.630117981906694733e-04 4.629412377713656101e-04 4.632473206384863751e-04 6.946001783002607021e-04
1.116000000000000000e+03 5.039466647585165871e-04 5.038826542206892170e-04 5.039628005537912783e-04 7.558960597664986496e-04
1.128000000000000000e+03 4.061933833152642464e-04 4.062096225875938787e-04 4.062700255635449042e-04 6.093365157332015147e-04
1.140000000000000000e+03 3.675925619503929301e-04 3.675088024324280728e-04 3.675357968337088764e-04 5.513185806082648854e-04
1.152000000000000000e+03 1.874260318289967722e-04 1.873978263958765429e-04 1.873766585127941830e-04 2.811002583688337626e-04
1.164000000000000000e+03 1.609297836529499897e-04 1.609150725564328129e-04 1.613053760832011902e-04 2.415751161462919964e-04
1.176000000000000000e+03 1.903371914987059212e-04 1.903521368133571348e-04 1.903254063770566575e-04 2.855073673445598838e-04
1.188000000000000000e+03 1.726832111898916108e-04 1.726898001509287093e-04 1.726777061555975789e-04 2.590253587482089495e-04
1.200000000000000000e+03 1.529451704870419171e-04 1.529473821081307381e-04 1.529537646335170364e-04 2.294231586143448322e-04
1.212000000000000000e+03 9.234332832019697757e-05 9.234538899177368557e-05 9.232107821001196582e-05 1.385048977609913213e-04
1.224000000000000000e+03 8.581362017109020891e-05 8.581884935596699850e-05 8.583345405428505909e-05 1.287329617906711400e-04
1.236000000000000000e+03 4.891923190314460650e-05 4.892350720362100057e-05 4.894674846687154478e-05 7.339474378681857592e-05
1.248000000000000000e+03 3.049039536646262636e-05 3.049017167588099448e-05 3.047216429884165440e-05 4.572636567059263762e-05
1.260000000000000000e+03 1.417475077509166088e-05 1.417773219378024102e-05 1.420227554184147181e-05 2.127737925535668601e-05
1.272000000000000000e+03 1.053530954113543670e-05 1.053591349030240666e-05 1.051763398104881898e-05 1.579442850624333117e-05
1.284000000000000000e+03 5.219891458107756910e-06 5.219950188375250141e-06 5.235902358304933136e-06 7.837872002393969246e-06
1.296000000000000000e+03 3.121330908963712977e-06 3.120133824463874075e-06 3.105153384970886768e-06 4.673309059199237122e-06
1.308000000000000000e+03 1.901536133350115160e-06 1.901825990905354332e-06 1.912833780276246942e-06 2.858097952265858217e-06
1.320000000000000000e+03 1.421959434399816406e-06 1.421571616262958231e-06 1.411250897742650760e-06 2.127390974202712593e-06
1.332000000000000000e+03 1.243746569806450644e-06 1.243847401624252224e-06 1.253938488417522060e-06 1.870766229924112252e-06
1.344000000000000000e+03 1.088230691684537792e-06 1.088173588095484252e-06 1.078937471034206191e-06 1.627670875407114118e-06
1.356000000000000000e+03 9.861434467979370330e-07 9.858587625243263883e-07 9.952560020906465898e-07 1.483629105706455217e-06
1.368000000000000000e+03 9.254329813808817681e-07 9.256007575858793188e-07 9.167145728677730479e-07 1.383874155917266961e-06
1.380000000000000000e+03 8.461625009292646701e-07 8.455912834323613361e-07 8.545061456831390454e-07 1.273129965022382526e-06
1.392000000000000000e+03 8.346019685529212582e-07 8.348238616088633598e-07 8.262751708928147209e-07 1.247850500527299564e-06
1.404000000000000000e+03 7.687248117908578801e-07 7.680049573202557227e-07 7.765720748661537938e-07 1.156650921988633804e-06
1.416000000000000000e+03 7.653541946064231547e-07 7.656537887913849011e-07 7.572709438269290275e-07 1.144139463612368489e-06
1.428000000000000000e+03 7.350329835271890243e-07 7.343017092033567913e-07 7.425308469709142330e-07 1.105932769850729865e-06
1.440000000000000000e+03 7.162595807052276092e-07 7.165930822438896338e-07 7.082655118657342672e-07 1.070559087407425702e-06
1.452000000000000000e+03 7.161489038677890213e-07 7.154115304807719467e-07 7.234232945963254222e-07 1.077491864472443195e-06
1.464000000000000000e+03 6.859707365940466694e-07 6.862539323088999623e-07 6.782591782590057042e-07 1.025241923580976168e-06
1.476000000000000000e+03 6.933178486144228167e-07 6.925967166762277939e-07 7.004913425766942746e-07 1.043202953933672390e-06
1.488000000000000000e+03 6.726585970743858864e-07 6.728379028393497178e-07 6.653988383545853918e-07 1.005447669134160445e-06
1.500000000000000000e+03 6.778729643146443375e-07 6.771916682006832876e-07 6.848934556758874786e-07 1.019979044095607552e-06
1.512000000000000000e+03 6.669684272342904325e-07 6.670391919042053415e-07 6.600386351277214491e-07 9.970231271331087703e-07
1.524000000000000000e+03 6.627956565750854467e-07 6.621804302268300655e-07 6.695233705563481520e-07 9.972497286791318850e-07
1.536000000000000000e+03 6.525248339787212435e-07 6.525763232899298356e-07 6.457085975241315692e-07 9.754048773963913242e-07
1.548000000000000000e+03 6.380518711861232976e-07 6.374637201181946994e-07 6.444526211925098452e-07 9.599841062484138682e-07
1.560000000000000000e+03 6.263254243268403099e-07 6.264677216974387386e-07 6.196197081850987071e-07 9.362064271046887719e-07
1.572000000000000000e+03 6.209332563836541447e-07 6.203432580351341005e-07 6.271758417819882644e-07 9.342261781003883078e-07
1.584000000000000000e+03 6.164338878747951269e-07 6.166678004227585272e-07 6.098790126513004366e-07 9.214903504744270983e-07
1.596000000000000000e+03 6.285580389277463345e-07 6.280075570150373251e-07 6.348751152865214866e-07 9.457203556146525731e-07
1.608000000000000000e+03 6.377371435862200721e-07 6.379831474350792475e-07 6.312157062478991190e-07 9.534679986345992193e-07
1.620000000000000000e+03 6.568885565404167653e-07 6.564528756373644782e-07 6.632738047145976695e-07 9.883076184461894565e-07
1.632000000000000000e+03 6.739099735861947482e-07 6.741133326797591959e-07 6.673802926015713074e-07 1.007701799433762573e-06
1.644000000000000000e+03 7.056540827248284930e-07 7.053530281636031685e-07 7.121456821989315517e-07 1.061576396543681501e-06
1.656000000000000000e+03 7.247878897346678188e-07 7.249070378507696820e-07 7.182387883542931845e-07 1.083966857969865501e-06
1.668000000000000000e+03 7.830843581864791484e-07 7.828434616783461726e-07 7.896708037486476394e-07 1.177799311806736321e-06
1.680000000000000000e+03 8.192464634580482215e-07 8.193437911755205435e-07 8.124809909493877979e-07 1.225535622791478176e-06
1.692000000000000000e+03 9.100962974772754223e-07 9.098710656811274951e-07 9.166725447940611800e-07 1.368319953976232102e-06
1.704000000000000000e+03 9.944360887385163800e-07 9.945888654166590270e-07 9.872464618935783899e-07 1.488135708024376898e-06
1.716000000000000000e+03 1.133547798463607802e-06 1.133393787352432449e-06 1.140546094516006805e-06 1.703743840166023634e-06
1.728000000000000000e+03 1.307384725484976058e-06 1.307642728766569235e-06 1.299734605421353027e-06 1.957381029836449054e-06
1.740000000000000000e+03 1.576323039651823069e-06 1.576554796487021709e-06 1.584324262647108969e-06 2.368601049392977085e-06
1.752000000000000000e+03 1.938480196494990703e-06 1.938880529784108320e-06 1.930207810233778043e-06 2.903784268256438533e-06
1.764000000000000000e+03 2.625315951169975831e-06 2.625638967458333667e-06 2.633881213845388251e-06 3.942418066236848875e-06
1.776000000000000000e+03 3.817610499758791338e-06 3.817494051554748980e-06 3.807147372870554037e-06 5.721125962092047178e-06
1.788000000000000000e+03 6.694273713971193840e-06 6.693335674120218073e-06 6.707226130219747079e-06 1.004741775915558077e-05
1.800000000000000000e+03 1.332452289530782258e-05 1.332478458013583641e-05 1.330502998943772707e-05 1.997716873244069388e-05
1.812000000000000000e+03 5.358440815322933421e-05 5.357976683855411208e-05 5.362863633042888286e-05 8.039640566110615441e-05
1.824000000000000000e+03 2.201920995773326757e-04 2.202586496776004043e-04 2.202869391551327426e-04 3.303688442050329113e-04
1.836000000000000000e+03 4.882557204635333895e-04 4.882603609813256323e-04 4.891377065110787559e-04 7.328268939779689160e-04
1.848000000000000000e+03 7.775046346936619274e-04 7.774951984451330565e-04 7.787218119699021359e-04 1.166860822554348451e-03
1.860000000000000000e+03 1.104368612175590488e-03 1.104323018982060218e-03 1.105810644689252976e-03 1.657251137923451949e-03
1.872000000000000000e+03 1.388178667838765087e-03 1.388084210222236903e-03 1.389016484021609330e-03 2.082639681041305660e-03
1.884000000000000000e+03 1.698538982282584353e-03 1.698466111622212379e-03 1.698936784455624223e-03 2.547970939180210694e-03
1.896000000000000000e+03 2.409410310433071460e-03 2.409744317828609039e-03 2.407425892481082456e-03 3.613290260371381478e-03
1.908000000000000000e+03 4.972239714494473828e-03 4.974459809382334244e-03 4.965082075809264250e-03 7.455890799843036161e-03
1.920000000000000000e+03 1.016394427714314985e-02 1.016655230915672684e-02 1.019933049105949639e-02 1.526491353867968567e-02
