# z, Tu, Tv, Tw
0.000000000000000000e+00 -5.415391775406654147e-08 -8.902384411522081006e-09 -2.633271716504916074e-06
1.200000000000000000e+01 1.859166326136897681e-08 1.760519354269907476e-08 -1.505091670701293791e-06
2.400000000000000000e+01 2.652903359184263892e-08 1.447127168520684744e-08 -2.493995650203523239e-06
3.600000000000000000e+01 3.009195834049050489e-08 1.508290774642841908e-08 -1.893784069954675057e-06
4.800000000000000000e+01 3.015140475959482753e-08 6.154613497262460225e-09 -1.967174095850159065e-06
6.000000000000000000e+01 3.202600411635837146e-08 2.298267987744533350e-09 -1.974565957315830399e-06
7.200000000000000000e+01 3.203115402485203953e-08 4.460727018948674661e-09 -1.978404671507462611e-06
8.400000000000000000e+01 3.267851424670401200e-08 8.949598105505950736e-09 -1.971751839876993996e-06
9.600000000000000000e+01 3.811957334292849452e-08 4.550370148050444401e-09 -1.983095887708045560e-06
1.080000000000000000e+02 3.769279596515401076e-08 3.002852288429461838e-09 -2.026597041299793721e-06
1.200000000000000000e+02 3.842241121952433138e-08 -1.042425623383969848e-09 -2.089810818373868855e-06
1.320000000000000000e+02 3.783770794585378674e-08 -3.718228642760439876e-09 -2.137158786484509461e-06
1.440000000000000000e+02 4.054899924668972105e-08 -9.383502545252888734e-10 -2.179741364024077951e-06
1.560000000000000000e+02 3.803085977530125034e-08 4.933443358597406654e-10 -2.145873451305765350e-06
1.680000000000000000e+02 3.532843434742884382e-08 -3.765681932021512663e-10 -2.120249436105208496e-06
1.800000000000000000e+02 3.621583636588687861e-08 -1.268603882792962165e-09 -2.187052126623900298e-06
1.920000000000000000e+02 3.672726941666515331e-08 -5.173092170250726218e-09 -2.260215482683016473e-06
2.040000000000000000e+02 3.892208064743096507e-08 -4.649014176616731066e-09 -2.346256319686410865e-06
2.160000000000000000e+02 4.427601161079220819e-08 -2.686273715674929103e-09 -2.409568719129095770e-06
2.280000000000000000e+02 4.433124276913031406e-08 3.557543562736747569e-09 -2.365881057138918356e-06
2.400000000000000000e+02 3.572343217349691194e-08 2.817419526717901342e-09 -2.336467863271920010e-06
2.520000000000000000e+02 4.061229464333056391e-08 -4.084739252623614522e-09 -2.414615694723227755e-06
2.640000000000000000e+02 4.166057101539013588e-08 8.937257075947885969e-11 -2.420102184144689963e-06
2.760000000000000000e+02 4.291245423960993066e-08 -4.800065698573534710e-09 -2.349745524490339005e-06
2.880000000000000000e+02 4.096046192489367380e-08 -6.461215028699347134e-09 -2.324813824633164247e-06
3.000000000000000000e+02 4.114778033472931703e-08 -5.639095666293303216e-09 -2.247171819616530088e-06
3.120000000000000000e+02 3.948291875891355930e-08 -3.150189488469735987e-09 -2.228771123301254166e-06
3.240000000000000000e+02 4.196581989118367134e-08 -3.000306880321548793e-09 -2.256261250500868518e-06
3.360000000000000000e+02 4.280720084838495576e-08 -1.332727074547175386e-09 -2.228489368639513583e-06
3.480000000000000000e+02 4.037437532355428916e-08 -5.971263468155075661e-09 -2.180337381182002476e-06
3.600000000000000000e+02 4.198111606630786440e-08 -4.036390486574215226e-09 -2.091389489446976627e-06
3.720000000000000000e+02 3.936658701872765537e-08 -2.092011561850905560e-09 -1.993112524272526639e-06
3.840000000000000000e+02 3.712104655385949185e-08 1.660046182130914052e-09 -1.958565437915356808e-06
3.960000000000000000e+02 3.810067821466837213e-08 -1.133133121774406883e-09 -1.962907661215875695e-06
4.080000000000000000e+02 3.645288591770424982e-08 1.403263685503653677e-09 -1.914897322801326098e-06
4.200000000000000000e+02 3.858255340810327506e-08 -4.036182334232246704e-09 -1.805448476536103657e-06
4.320000000000000000e+02 3.847545942184037690e-08 1.770603889750926639e-09 -1.648068997647995479e-06
4.440000000000000000e+02 3.578773938028628974e-08 7.987713522456284168e-09 -1.515573218470075954e-06
4.560000000000000000e+02 3.309621446653033805e-08 8.154141015248717289e-09 -1.397606831898329764e-06
4.680000000000000000e+02 3.258738363097006144e-08 3.912110993761153552e-09 -1.334802294079347265e-06
4.800000000000000000e+02 3.011348063555417890e-08 5.318338424540552428e-09 -1.215594435244955459e-06
4.920000000000000000e+02 2.512266392624290689e-08 5.785185308425495153e-09 -1.100989657099310789e-06
5.040000000000000000e+02 2.315523097569721728e-08 2.963742138947700905e-09 -1.075360933846422195e-06
5.160000000000000000e+02 2.208132090252270802e-08 3.126235896928133364e-09 -1.006636257433385619e-06
5.280000000000000000e+02 1.891418433519888824e-08 9.971609304466807407e-10 -8.862912433003452701e-07
5.400000000000000000e+02 1.852330780706636112e-08 -8.807738636169191719e-10 -7.199456829724908002e-07
5.520000000000000000e+02 1.186931764022126745e-08 2.303338977434683828e-09 -5.968310731623095181e-07
5.640000000000000000e+02 9.263375737774060242e-09 3.887220594763037991e-09 -5.415684226533192036e-07
5.760000000000000000e+02 5.409500491012645150e-09 2.824833210453497309e-09 -5.111356226147467714e-07
5.880000000000000000e+02 3.562729333411134311e-09 1.128111701408196276e-10 -4.262458920162114390e-07
6.000000000000000000e+02 2.142607162788434191e-09 7.572632128558886883e-10 -3.494878752003210775e-07
6.120000000000000000e+02 -1.780357942137320983e-10 2.718789219080788220e-09 -3.708054928971438684e-07
6.240000000000000000e+02 -3.116600249295287043e-09 8.044559467970299883e-10 -3.528229475953867132e-07
6.360000000000000000e+02 -3.658774890302285544e-09 3.442313776183156693e-10 -3.477716786554799887e-07
6.480000000000000000e+02 -2.314727646916030798e-09 -1.113063318952836477e-09 -3.588335181332231361e-07
6.600000000000000000e+02 -4.253505133280738254e-09 -7.712937676663035378e-10 -3.478060539500229072e-07
6.720000000000000000e+02 1.154719767636310646e-09 6.553570566909003894e-10 -3.280816128453772969e-07
6.840000000000000000e+02 9.604623186902746906e-10 1.233238201063246605e-09 -3.298547978562066212e-07
6.960000000000000000e+02 7.218561886493447672e-10 -1.163026565463795998e-09 -3.121755198860296869e-07
7.080000000000000000e+02 -1.074580523921877592e-09 -1.687160112796936983e-09 -3.179911771859915329e-07
7.200000000000000000e+02 -4.024130898945436967e-10 -6.621479440704349831e-10 -3.215727356219886895e-07
7.320000000000000000e+02 1.198557872713942644e-09 1.394593381269801289e-10 -3.238348899944599403e-07
7.440000000000000000e+02 -1.084324800663659945e-09 -3.180225921185189045e-10 -3.802798832988653187e-07
7.560000000000000000e+02 -9.978974386765993297e-10 8.845744530631506454e-11 -3.620787086143520392e-07
7.680000000000000000e+02 -3.261172933578170168e-09 -2.571587962555683090e-09 -4.345850149236677713e-07
7.800000000000000000e+02 -3.676082671970555243e-09 -8.193303600429629893e-10 -5.050366215592473620e-07
7.920000000000000000e+02 -1.938734734247994062e-09 -1.329541192931221898e-09 -3.770948796499198181e-07
8.040000000000000000e+02 -4.175820529340616121e-09 -2.478905279327098228e-09 -2.724250366641667966e-07
8.160000000000000000e+02 -4.648468700908447153e-09 -3.624975089967793179e-09 -2.978586376296725675e-07
8.280000000000000000e+02 -4.375284083578334722e-09 -3.944945621891674007e-09 -3.573673353050552605e-07
8.400000000000000000e+02 -4.280021783459739099e-09 -3.486751031160177076e-09 -4.040670237398211732e-07
8.520000000000000000e+02 -4.748971124972684363e-09 -2.806903847504174286e-09 -4.703751861091285631e-07
8.640000000000000000e+02 -5.201572689196519403e-09 -2.908874157239128398e-09 -5.583374840015846274e-07
8.760000000000000000e+02 -4.626320213633411220e-09 -3.849750377105661851e-09 -6.812741779801450979e-07
8.880000000000000000e+02 -3.512740463147697674e-09 -3.974744147860434011e-09 -8.484309455241563967e-07
9.000000000000000000e+02 -4.488914163083878509e-09 -3.342241897974558537e-09 -1.071792258303135439e-06
9.120000000000000000e+02 -6.505321084850952191e-09 -4.396233136862147582e-09 -1.406454020001759150e-06
9.240000000000000000e+02 -6.507711581082948648e-09 -5.661141246380969574e-09 -1.944427876604556081e-06
9.360000000000000000e+02 -1.025259089468708462e-08 -7.211921056196668849e-09 -2.849396978210230223e-06
9.480000000000000000e+02 -1.062027900290552954e-08 -7.075790122203813199e-09 -4.536538990363840334e-06
9.600000000000000000e+02 -1.140195880192084430e-08 -6.749456616801892499e-09 -7.923416905193527590e-06
9.720000000000000000e+02 -2.611942482675124624e-08 -7.905261054932846895e-09 -1.514665907683569495e-05
9.840000000000000000e+02 -1.223140373239058965e-08 -1.195601321297291895e-08 -2.942550426684841167e-05
9.960000000000000000e+02 -2.836421506652922755e-08 -6.810892250263165169e-09 -5.762201016547917440e-05
1.008000000000000000e+03 -2.314328283241048653e-08 -1.080894171757213093e-08 -1.081004743697360903e-04
1.020000000000000000e+03 -1.059724610055541495e-08 -3.819297287238475681e-08 -1.939571043235020667e-04
1.032000000000000000e+03 -1.552556089370883502e-08 -1.704941006297420071e-08 -3.086294674570147088e-04
1.044000000000000000e+03 -1.710020792125890176e-08 -1.206696647673888943e-08 -4.823389945655578558e-04
1.056000000000000000e+03 -1.432206783870997569e-08 -7.443696013651868463e-09 -7.157407017228623004e-04
1.068000000000000000e+03 3.248549365960821773e-08 3.734105263741193175e-09 -8.731724651313595023e-04
1.080000000000000000e+03 4.499329817477633528e-08 2.598396783855834565e-10 -1.060874128667850308e-03
1.092000000000000000e+03 8.370818100403933369e-08 6.225946683549876709e-09 -1.205190081289950329e-03
1.104000000000000000e+03 5.314876440715609102e-08 -7.984991146795531779e-09 -1.267841486569205953e-03
1.116000000000000000e+03 7.709314807284967253e-09 2.676102032048412738e-09 -1.275892357708165213e-03
1.128000000000000000e+03 -2.624675139226301598e-08 -1.505546806341833459e-08 -1.062224979983100162e-03
1.140000000000000000e+03 1.643873326778492348e-08 -4.107850920240048020e-10 -8.164516148356060861e-04
1.152000000000000000e+03 9.885042519642423547e-09 3.787041235719133872e-09 -3.777439855215712432e-04
1.164000000000000000e+03 -2.656726296836986496e-09 3.928127406466965608e-09 -1.507189237548383178e-04
1.176000000000000000e+03 1.095319354725014992e-09 8.564736318425976296e-10 -4.736000840092446077e-05
1.188000000000000000e+03 -1.215439765043718491e-10 1.505947364212888381e-10 -1.678340851001433758e-05
1.200000000000000000e+03 8.413893032419068961e-11 -1.700692712423904019e-10 -7.807206006706532580e-06
1.212000000000000000e+03 -4.388044553675927755e-10 2.866956879903327868e-10 -5.357572761206032228e-06
1.224000000000000000e+03 5.160364833756660152e-10 -1.371701599699959798e-11 -5.315416435855086932e-06
1.236000000000000000e+03 -2.785637865476510224e-10 -1.088024856123756578e-10 -4.677528383508632956e-06
1.248000000000000000e+03 2.740652474688686342e-10 -3.798667720118160555e-11 -3.573070405169582182e-06
1.260000000000000000e+03 -1.811424291971763939e-10 -2.596183633422660337e-10 -2.764666333112856266e-06
1.272000000000000000e+03 8.332936072615485065e-11 9.234341366616071719e-11 -2.548020948064589829e-06
1.284000000000000000e+03 -8.818981692802818037e-12 -1.200735591448463545e-10 -1.770790182928238434e-06
1.296000000000000000e+03 -1.752304165931940873e-11 -1.110336025598034801e-11 -1.372547159215259510e-06
1.308000000000000000e+03 3.408318850295823924e-11 -5.637638360050222445e-11 -1.059447566970821240e-06
1.320000000000000000e+03 -2.074364682768170839e-11 -3.656154851001756413e-11 -9.108288880269613766e-07
1.332000000000000000e+03 1.452094951519423748e-11 -2.281002240446919864e-11 -8.566760395868372341e-07
1.344000000000000000e+03 -3.570646285836458418e-12 -8.470327802965183456e-12 -7.995251927725640762e-07
1.356000000000000000e+03 -1.555970434459244055e-11 -1.346987806065444862e-12 -7.613909722224469416e-07
1.368000000000000000e+03 5.884507647907616138e-12 2.252813324820348196e-11 -7.413543651527834185e-07
1.380000000000000000e+03 -3.988238372135180480e-11 3.343518066408427957e-12 -7.049329156202565907e-07
1.392000000000000000e+03 2.389941898700591042e-11 1.181981451151807762e-13 -7.049594065682993356e-07
1.404000000000000000e+03 -3.811587286209672206e-11 -2.736969008192730433e-12 -6.726726466131972373e-07
1.416000000000000000e+03 4.555499874563118637e-11 -4.823451420634748617e-12 -6.735311963099124882e-07
1.428000000000000000e+03 -2.126823100508664813e-11 5.827305722593602040e-12 -6.594681343620877608e-07
1.440000000000000000e+03 5.907983064294616105e-11 5.780291414629506015e-12 -6.504753386120962509e-07
1.452000000000000000e+03 -6.766647293681641179e-12 2.761711408074403141e-12 -6.525463151532168020e-07
1.464000000000000000e+03 5.862806903298133129e-11 1.618694176897467496e-11 -6.375131606592282965e-07
1.476000000000000000e+03 -2.139584633368973898e-12 -7.021708922502186536e-12 -6.421065159294036006e-07
1.488000000000000000e+03 4.587701174013726991e-11 2.724841467273153440e-11 -6.315697497546886472e-07
1.500000000000000000e+03 -1.885505160219374744e-11 -1.435865052690558655e-11 -6.330661889203073119e-07
1.512000000000000000e+03 2.293275903515997589e-11 2.722195972911547588e-11 -6.272016128056067122e-07
1.524000000000000000e+03 -2.688956631572118670e-11 -5.804716709895118232e-12 -6.247276967002885289e-07
1.536000000000000000e+03 3.370474338474269679e-12 1.329559355655465301e-11 -6.207034763776150723e-07
1.548000000000000000e+03 -1.029391336146853731e-11 6.381765765953568880e-12 -6.126686815817553301e-07
1.560000000000000000e+03 5.936734485559943247e-12 1.077775767896449026e-11 -6.083710859183967495e-07
1.572000000000000000e+03 4.232808329314281106e-12 7.794167503118158565e-13 -6.055153995614917061e-07
1.584000000000000000e+03 1.676519026165015202e-11 2.265350349907372609e-11 -6.016811364128672213e-07
1.596000000000000000e+03 -3.041773792969443053e-12 -2.765630793182919196e-11 -6.086420851942856102e-07
1.608000000000000000e+03 5.525372711060323510e-12 2.849758183801315781e-11 -6.097519073726332984e-07
1.620000000000000000e+03 -2.881072351031343918e-11 -3.991232214745399517e-11 -6.194429110141148163e-07
1.632000000000000000e+03 -7.946011227758465878e-12 3.767084579752584581e-11 -6.240688993085709583e-07
1.644000000000000000e+03 -3.583525026182426791e-11 -4.115179125098669056e-11 -6.402665352843136820e-07
1.656000000000000000e+03 -1.212992082687005478e-11 3.434227268718085043e-11 -6.460103758431004738e-07
1.668000000000000000e+03 -1.385088695605442654e-11 -4.420391107827295641e-11 -6.718001652034053637e-07
1.680000000000000000e+03 -7.951581752271959122e-12 3.898241612307434494e-11 -6.838410515184741231e-07
1.692000000000000000e+03 1.660739858226229003e-11 -2.628662948709524892e-11 -7.186595106994311832e-07
1.704000000000000000e+03 -2.089607538334404277e-11 6.877340900658652469e-11 -7.462793045534583681e-07
1.716000000000000000e+03 7.938806803894203096e-12 -4.798931692259082957e-11 -7.930954941742319650e-07
1.728000000000000000e+03 -3.707058375321822079e-11 8.221984028910618940e-11 -8.461820547128011583e-07
1.740000000000000000e+03 6.176869183734651767e-11 -1.062884379946953993e-10 -9.225962424827244896e-07
1.752000000000000000e+03 -8.483946538741381645e-12 7.339325041865532069e-11 -1.015133927900241402e-06
1.764000000000000000e+03 1.042907588265429797e-10 -1.755243866081429702e-10 -1.165206442752305177e-06
1.776000000000000000e+03 4.214656107786954519e-11 1.605316060803610845e-10 -1.382367911315374562e-06
1.788000000000000000e+03 -1.378129288897988027e-10 -2.467791285533960958e-10 -1.797791706393019001e-06
1.800000000000000000e+03 1.966044872534309599e-10 2.434310405331624036e-10 -2.558684168839182134e-06
1.812000000000000000e+03 -5.160922559359907613e-09 -5.683766487020926381e-09 -4.821584056704984148e-06
1.824000000000000000e+03 -2.329818645673827145e-08 -1.997366792063633556e-08 -8.980634522533276394e-06
1.836000000000000000e+03 -3.438195284382499626e-08 -2.730484550151674885e-08 -1.155871651225715300e-05
1.848000000000000000e+03 -1.910785732216326618e-08 -1.344794339999772943e-08 -1.038666931500212752e-05
1.860000000000000000e+03 -2.772402009433374788e-09 -7.465828308940027782e-09 -6.668160256063504380e-06
1.872000000000000000e+03 -3.522664215292969870e-10 1.432973108758720224e-08 -2.913208693980266143e-06
1.884000000000000000e+03 2.695917701134510990e-08 4.457097169295333617e-08 6.835224660109778322e-07
1.896000000000000000e+03 8.213333915319558043e-08 1.784121809232914964e-07 7.312266874658285386e-06
1.908000000000000000e+03 2.946724551517731528e-07 4.927536488205124118e-07 3.191632942410944820e-05
1.920000000000000000e+03 2.854030740435232347e-07 5.790230687545618489e-07 6.228326939628841218e-05
