# z, Tu, Tv, Tw
0.000000000000000000e+00 7.902713837700048866e-06 6.335686824002096218e-06 -7.932512284118676203e-08
1.200000000000000000e+01 1.030515110745682246e-05 8.013654385575819827e-06 -5.540535211411928506e-07
2.400000000000000000e+01 1.678881731255614764e-05 1.199498494222552776e-05 -3.104353152927582578e-06
3.600000000000000000e+01 1.937793091461799240e-05 1.147856641769067165e-05 -5.888533624210991280e-06
4.800000000000000000e+01 2.369810454011940211e-05 1.202082409846525500e-05 -8.276637655965368102e-06
6.000000000000000000e+01 2.708353524155881920e-05 1.201953146035066238e-05 -1.078409799395871894e-05
7.200000000000000000e+01 3.086592564262673324e-05 1.274340151388742003e-05 -1.326846570727675733e-05
8.400000000000000000e+01 3.374085563538074307e-05 1.225048248339817235e-05 -1.563592331525717917e-05
9.600000000000000000e+01 3.761020582162473186e-05 1.188857701735059958e-05 -1.799709476232969771e-05
1.080000000000000000e+02 4.107512156728034669e-05 1.034490394418980966e-05 -2.030942487249617529e-05
1.200000000000000000e+02 4.554897664390864751e-05 9.727532961755969349e-06 -2.248929705924438129e-05
1.320000000000000000e+02 4.864208151701632178e-05 8.357093843085295162e-06 -2.464409598191085837e-05
1.440000000000000000e+02 5.270395759926031754e-05 6.930073303919925400e-06 -2.680779439704031889e-05
1.560000000000000000e+02 5.757204062587106564e-05 4.346560841622704489e-06 -2.893220806589236242e-05
1.680000000000000000e+02 6.161108928313297373e-05 1.081228514567555919e-06 -3.095687423493125972e-05
1.800000000000000000e+02 6.482130826160528291e-05 -1.477801340149653624e-06 -3.268336401586799779e-05
1.920000000000000000e+02 6.907257922979397643e-05 -2.401034779222754867e-06 -3.417832974594466451e-05
2.040000000000000000e+02 7.222721779812672695e-05 -6.216274536473065413e-06 -3.595565866200057566e-05
2.160000000000000000e+02 7.668841609817035924e-05 -9.496718121704361305e-06 -3.739482934497237812e-05
2.280000000000000000e+02 7.862621302219850250e-05 -1.255283747916564621e-05 -3.878423324553377456e-05
2.400000000000000000e+02 8.244803539751046468e-05 -1.479998215799014354e-05 -4.037071174742821490e-05
2.520000000000000000e+02 8.548241919311293962e-05 -1.711766983743245795e-05 -4.137782869964479502e-05
2.640000000000000000e+02 9.000213982335480880e-05 -2.281987851829398993e-05 -4.300811105851050424e-05
2.760000000000000000e+02 9.287347884182963495e-05 -2.323083498237110678e-05 -4.349089087975684537e-05
2.880000000000000000e+02 9.437370790386694021e-05 -2.578527767022933327e-05 -4.500927926398104223e-05
3.000000000000000000e+02 9.413064570477444755e-05 -2.700373985394435359e-05 -4.519441360638453526e-05
3.120000000000000000e+02 9.452586611153037592e-05 -2.745827149730075643e-05 -4.658177095088123951e-05
3.240000000000000000e+02 9.500523701149177485e-05 -3.119756171888639069e-05 -4.643337588649123164e-05
3.360000000000000000e+02 9.468109491097038304e-05 -3.397378710731118107e-05 -4.747636118971207490e-05
3.480000000000000000e+02 9.376324596779568154e-05 -3.908359252999389318e-05 -4.706010655347187677e-05
3.600000000000000000e+02 9.073343938104016441e-05 -4.086630195292855378e-05 -4.797016549232530471e-05
3.720000000000000000e+02 9.324908525296678305e-05 -4.368186325268652809e-05 -4.699072446328966075e-05
3.840000000000000000e+02 9.099918101189813878e-05 -4.653082697398076633e-05 -4.687638730194020341e-05
3.960000000000000000e+02 9.101860386896305495e-05 -4.920514813032923150e-05 -4.560608950082826091e-05
4.080000000000000000e+02 9.072761834647736113e-05 -5.150638739172563624e-05 -4.410968958917324019e-05
4.200000000000000000e+02 8.989978641925518415e-05 -5.454736944222986488e-05 -4.251846220799835138e-05
4.320000000000000000e+02 8.826231013634923568e-05 -5.554982631490475148e-05 -4.026135962887143440e-05
4.440000000000000000e+02 8.263305599707564889e-05 -5.396208906824995026e-05 -3.823977901545179382e-05
4.560000000000000000e+02 7.634963116789776941e-05 -5.172549837529914264e-05 -3.529862446951253797e-05
4.680000000000000000e+02 7.243071286545727969e-05 -4.530941005535851345e-05 -3.317557571228212088e-05
4.800000000000000000e+02 6.627123133448549258e-05 -3.990764167314182255e-05 -2.988663452152407331e-05
4.920000000000000000e+02 5.887484514565812741e-05 -3.393758327465548006e-05 -2.677351564647639396e-05
5.040000000000000000e+02 4.775266344011015382e-05 -2.923120828473884031e-05 -2.314911252314611297e-05
5.160000000000000000e+02 3.631735158726314647e-05 -2.202915589310805591e-05 -1.981938689122298515e-05
5.280000000000000000e+02 2.567929067148497853e-05 -1.605869292442889623e-05 -1.691584033958294311e-05
5.400000000000000000e+02 1.620104879976906872e-05 -1.050738980874825774e-05 -1.399778478352742244e-05
5.520000000000000000e+02 1.007238985956746471e-05 -6.437150973096094931e-06 -1.144059179718006649e-05
5.640000000000000000e+02 5.082599154241052394e-06 -4.232323980801311241e-06 -8.932632859979097782e-06
5.760000000000000000e+02 1.666715095382187493e-06 -3.416240244445134325e-06 -7.109002936952012193e-06
5.880000000000000000e+02 -8.573201550802878010e-07 -2.571438625830069304e-06 -5.465023907578334391e-06
6.000000000000000000e+02 -2.632825990008314115e-06 -1.419237115572968832e-06 -4.144226180634574802e-06
6.120000000000000000e+02 -3.151289713673577184e-06 -2.649331643283403776e-07 -3.149694582127151643e-06
6.240000000000000000e+02 -3.003397834504539720e-06 5.724349100546533399e-07 -2.192438448720931438e-06
6.360000000000000000e+02 -2.841692216861701833e-06 1.790378913921131280e-06 -1.799965997425419890e-06
6.480000000000000000e+02 -2.446226793949790400e-06 1.825957931890798225e-06 -1.180744776355189698e-06
6.600000000000000000e+02 -1.840358724086854732e-06 1.947202107538714529e-06 -1.121497369452592430e-06
6.720000000000000000e+02 -1.474335204602539241e-06 1.190812447725875303e-06 -7.294722447548325314e-07
6.840000000000000000e+02 -8.285092525852633294e-07 1.203083130604909395e-06 -9.334215806500510585e-07
6.960000000000000000e+02 -8.269170428889083097e-07 8.301795859836147500e-07 -5.193898514423523519e-07
7.080000000000000000e+02 -5.602782629580360659e-07 1.286495486738203847e-06 -7.657712620568383255e-07
7.200000000000000000e+02 4.985032277318168953e-08 6.199301872470641680e-07 -3.427748212242774993e-07
7.320000000000000000e+02 4.128687448996970227e-07 7.882875319808135596e-07 -5.615428101235119225e-07
7.440000000000000000e+02 8.206408760429440110e-07 8.188798218554893771e-07 -6.322126732628023774e-08
7.560000000000000000e+02 7.895272164205380567e-07 1.566329246008990555e-06 -2.142520641451120688e-07
7.680000000000000000e+02 1.293861219880909654e-06 1.968616296886693907e-06 3.811969359049441642e-07
7.800000000000000000e+02 1.394773827337303343e-06 3.169360317446034882e-06 1.560400306302564002e-07
7.920000000000000000e+02 1.783096913527515441e-06 3.013749133049259494e-06 6.477178428462209465e-07
8.040000000000000000e+02 1.276022282149824544e-06 3.553661085288695230e-06 3.998831296059471736e-07
8.160000000000000000e+02 1.589311325460585042e-06 3.148282914071387574e-06 8.016300800733157155e-07
8.280000000000000000e+02 6.589489276279891483e-07 3.915588972455452641e-06 5.533566095638013367e-07
8.400000000000000000e+02 1.413814390980405718e-06 3.540399782741587796e-06 8.293020250476958775e-07
8.520000000000000000e+02 1.257822780530659679e-06 3.823476178109786152e-06 3.904420474806368368e-07
8.640000000000000000e+02 8.172337555947705831e-07 3.612491010147777955e-06 4.340768393423342433e-07
8.760000000000000000e+02 -4.153171140842460053e-07 4.565795939919325688e-06 -4.067946222594179644e-07
8.880000000000000000e+02 -1.515862845621995794e-07 6.883173999710834106e-06 -7.902343457456246157e-07
9.000000000000000000e+02 4.661661259774519041e-07 6.783844493713786720e-06 -1.793778180041499031e-06
9.120000000000000000e+02 -2.259061905567705075e-06 7.274218228968720461e-06 -2.411508136362653755e-06
9.240000000000000000e+02 -6.049513203834067086e-08 3.226390285027491674e-06 -2.779348848889426489e-06
9.360000000000000000e+02 -5.853555376575059213e-06 4.270590264832207831e-06 -3.474781529281598623e-06
9.480000000000000000e+02 -9.026974147150213307e-06 3.707945420381975135e-06 -2.836117941992936076e-06
9.600000000000000000e+02 -2.532883237901160212e-05 5.561532699709914574e-06 -4.810529536342424432e-06
9.720000000000000000e+02 -5.091499737511640255e-05 5.859721226153169508e-06 -5.833216373132072874e-07
9.840000000000000000e+02 -4.250145144509360681e-05 6.143799015546846877e-06 -6.877818416256374347e-06
9.960000000000000000e+02 -1.435090824978715350e-05 2.139289364452565595e-05 -2.754235529715264114e-06
1.008000000000000000e+03 -2.644171423434045324e-05 5.622848603422880559e-07 -7.120861532507183514e-06
1.020000000000000000e+03 -5.268698368556670118e-05 1.274865448351647513e-06 -1.794815865094418348e-05
1.032000000000000000e+03 -2.476307793675687109e-05 -4.662754930984646924e-05 1.275481933774059690e-05
1.044000000000000000e+03 -2.177593295803035393e-05 2.851994058638638164e-05 1.585070742157231925e-05
1.056000000000000000e+03 -1.786679182138186750e-05 -9.327065757622677008e-06 -1.378977018715816820e-05
1.068000000000000000e+03 6.354529326234797460e-05 1.514307166285675585e-05 2.737862505969101908e-05
1.080000000000000000e+03 9.821789380919199544e-05 -1.626863175470134515e-05 6.539662441784095540e-05
1.092000000000000000e+03 3.228555085371908576e-04 1.952925134928591339e-05 8.720920520290193693e-05
1.104000000000000000e+03 2.539565160171832872e-05 -4.057129268104517973e-05 5.483871047191397923e-05
1.116000000000000000e+03 -9.983103276907740939e-05 -3.862158883046049371e-05 3.433749522455433048e-05
1.128000000000000000e+03 -3.695643722234876697e-04 -4.504050050465479996e-05 4.526248938462016399e-05
1.140000000000000000e+03 -2.223490600594004818e-04 -4.617817361478273772e-05 3.653745338609244232e-05
1.152000000000000000e+03 -1.025843410940183246e-04 -1.676307611984384550e-06 -1.283833606777928729e-05
1.164000000000000000e+03 3.639125875680519875e-05 -1.045341689054453102e-05 -1.096244190611466670e-05
1.176000000000000000e+03 9.711843045806745623e-06 -1.332886866242688472e-06 1.057173631041286815e-05
1.188000000000000000e+03 3.525973497175982524e-07 7.542168129702985975e-07 -3.694733124526085229e-06
1.200000000000000000e+03 1.796020257586405929e-06 -9.809999194544615852e-07 1.668773152608111243e-06
1.212000000000000000e+03 -1.526276729123310447e-07 8.186275590446712521e-07 -9.552460821730730336e-07
1.224000000000000000e+03 7.022141180073049132e-07 -5.730354519755564498e-07 6.847958637987423473e-07
1.236000000000000000e+03 3.456511331364708866e-07 9.708481356710763571e-07 -4.627399894727864607e-07
1.248000000000000000e+03 1.370934359010789179e-06 -6.262643849311188795e-07 3.841088338302730951e-07
1.260000000000000000e+03 6.948576445893194869e-08 4.224459238230338122e-07 -3.327057086871812214e-07
1.272000000000000000e+03 9.572119235713216788e-07 -2.025962640004763778e-07 2.719729787507295057e-07
1.284000000000000000e+03 -3.049120811397187996e-07 1.587469740798042120e-07 -1.721333864562513002e-07
1.296000000000000000e+03 4.447559086884212098e-07 -1.408953312022731635e-07 1.668676721672427482e-07
1.308000000000000000e+03 -5.757740961030322494e-07 -1.669418994936222585e-07 -8.686044636921136642e-08
1.320000000000000000e+03 1.083918155927676716e-07 -1.037747836448943394e-07 1.243685519229809745e-08
1.332000000000000000e+03 -6.498474566114964793e-07 -2.472486793351435869e-07 2.215214563857136466e-08
1.344000000000000000e+03 -2.084461627759992468e-07 -4.810475963381577450e-08 -1.162867787891560757e-07
1.356000000000000000e+03 -4.324526787172544348e-07 -2.862217367862740320e-07 8.767892551012415624e-08
1.368000000000000000e+03 -2.563556842801517678e-07 -5.733381166805884113e-08 -2.261441296863760838e-07
1.380000000000000000e+03 -1.227019546945484890e-07 -3.053896733945294067e-07 1.494833987745996696e-07
1.392000000000000000e+03 -1.435883857425323968e-07 -5.664085728653844941e-08 -2.718854142906812946e-07
1.404000000000000000e+03 1.858648775169058340e-07 -2.541242010693167767e-07 1.823237742081088874e-07
1.416000000000000000e+03 7.708260000072186826e-10 -3.003111852990514582e-08 -2.712820236762616927e-07
1.428000000000000000e+03 4.227762835739667776e-07 -1.530466503879779439e-07 1.873365496813539219e-07
1.440000000000000000e+03 1.101385373544871984e-07 -1.844650368525435609e-08 -2.431822033218875898e-07
1.452000000000000000e+03 5.377350851858864174e-07 -8.053128080973692674e-08 1.720698065211145903e-07
1.464000000000000000e+03 1.705189443441667995e-07 -2.616444541558848824e-08 -1.862147385353101644e-07
1.476000000000000000e+03 5.345981363916507210e-07 -7.135526395813940425e-08 1.401698884965139661e-07
1.488000000000000000e+03 1.630907196158659571e-07 -3.459416736859566026e-08 -1.213047570081405477e-07
1.500000000000000000e+03 4.388666237559846253e-07 -1.154308425611816340e-07 9.854132835977415474e-08
1.512000000000000000e+03 9.396038267368566767e-08 -2.456428043728920028e-08 -7.593128591023429239e-08
1.524000000000000000e+03 2.916760103403248752e-07 -1.855353585312968915e-07 4.970009498996691677e-08
1.536000000000000000e+03 2.909742522660963083e-09 -1.201379669169000357e-08 -6.262855291418066422e-08
1.548000000000000000e+03 1.331387495042690756e-07 -2.291588771640817942e-07 -4.372875902449346971e-09
1.560000000000000000e+03 -7.805022540878781113e-08 8.648807164490790638e-09 -7.045723391453876499e-08
1.572000000000000000e+03 1.341434492587723139e-08 -1.657938962523530870e-07 -6.035481761808843646e-08
1.584000000000000000e+03 -9.825538642189713125e-08 8.815536093607079399e-08 -8.129316134042263460e-08
1.596000000000000000e+03 -3.995291031060332719e-08 -1.872894682151127328e-08 -1.106663936689088032e-07
1.608000000000000000e+03 -7.000408819521908238e-08 1.645931738210037993e-07 -8.684457214180319222e-08
1.620000000000000000e+03 -1.002144542326277579e-07 6.964705322616282146e-08 -1.316001356277403264e-07
1.632000000000000000e+03 -6.667027413413962038e-08 1.408173651554989273e-07 -8.798572235381635776e-08
1.644000000000000000e+03 -1.729903989712511267e-07 5.660813570784739462e-08 -1.086175573121574306e-07
1.656000000000000000e+03 -1.610686434787566999e-08 6.341861610508203756e-08 -8.005012188120753144e-08
1.668000000000000000e+03 -1.221595504716788056e-07 1.080099925161448533e-08 -5.848281344637585959e-08
1.680000000000000000e+03 1.253494501952445726e-07 -5.134502290502495997e-08 -4.858075813854100565e-08
1.692000000000000000e+03 7.981333340012497224e-09 -7.974410932547471376e-08 -6.190816129878320343e-09
1.704000000000000000e+03 1.917816371360459021e-07 -2.223951926168865604e-07 -2.256483039431243127e-08
1.716000000000000000e+03 7.203411570344541952e-08 -1.595589815167386336e-07 1.459883931384754340e-08
1.728000000000000000e+03 1.695277586577503889e-07 -2.466726059481061574e-07 -7.456439554974154382e-08
1.740000000000000000e+03 6.185223260217753139e-08 -1.740442188747692958e-07 1.214142324142525825e-08
1.752000000000000000e+03 1.243606163484400998e-07 -7.288667069360599515e-09 -1.593353159580587386e-07
1.764000000000000000e+03 -1.974007354988316259e-07 -1.972606813751554083e-07 2.147903375937579443e-08
1.776000000000000000e+03 -1.389930191749044640e-07 2.694037653554914853e-07 -3.424980583782495500e-07
1.788000000000000000e+03 -6.905990739824119226e-07 7.565456378983981472e-08 5.643198451664998970e-08
1.800000000000000000e+03 -3.038482859096802819e-07 2.067237098628993520e-07 -1.099291510318338398e-06
1.812000000000000000e+03 8.752577699283392402e-07 1.912492500702001224e-06 -1.365402527706743796e-06
1.824000000000000000e+03 1.173666764202607754e-06 9.029520170315663570e-07 -2.240898341350922176e-06
1.836000000000000000e+03 1.179727234227811940e-05 5.290623166905561415e-06 -1.634604475277348718e-05
1.848000000000000000e+03 1.665536323253036317e-05 1.288175721905417875e-05 -1.097333640633340801e-05
1.860000000000000000e+03 1.357416989355897434e-05 7.684122158809714325e-06 1.512088007451654088e-05
1.872000000000000000e+03 1.430710412109874521e-05 1.071541494263215099e-05 4.892623249089747035e-05
1.884000000000000000e+03 2.217138863469472296e-05 1.988629045865764018e-05 8.583158185345147290e-05
1.896000000000000000e+03 1.919016690824264647e-05 2.197798738505980537e-05 1.227160723618618457e-04
1.908000000000000000e+03 4.180239841322190553e-05 3.535211510350109467e-05 1.323355167944341231e-04
1.920000000000000000e+03 6.037423786956423705e-05 5.504243617509700951e-05 7.547273373366617639e-05
