# z, Tu, Tv, Tw
0.000000000000000000e+00 -4.299089195179356913e-03 -3.571625169156584286e-03 -4.279791387913567252e-07
1.200000000000000000e+01 -4.298227086224221290e-03 -3.567750190838438543e-03 1.789493182070056633e-06
2.400000000000000000e+01 -4.281574915362682150e-03 -3.557505286084994972e-03 1.390078574945441340e-08
3.600000000000000000e+01 -4.276170184162345241e-03 -3.564312250070611390e-03 -2.735768185486658782e-06
4.800000000000000000e+01 -4.269316067621298748e-03 -3.564496480627258376e-03 -4.688277285805774974e-06
6.000000000000000000e+01 -4.261160772070229745e-03 -3.568095384996399638e-03 -7.808022298422427008e-06
7.200000000000000000e+01 -4.251854491792335378e-03 -3.569018680315627808e-03 -9.721731326746730641e-06
8.400000000000000000e+01 -4.250281532892199836e-03 -3.575423393723338103e-03 -1.222604769323236191e-05
9.600000000000000000e+01 -4.245768955844187245e-03 -3.575617853424512167e-03 -1.379218668076669338e-05
1.080000000000000000e+02 -4.239852894711987341e-03 -3.579709078608368442e-03 -1.533025990311462507e-05
1.200000000000000000e+02 -4.236366752496087233e-03 -3.582892465715133406e-03 -1.597164639904654951e-05
1.320000000000000000e+02 -4.232178292960043012e-03 -3.585527737878612623e-03 -1.675077472251826493e-05
1.440000000000000000e+02 -4.228830619181121568e-03 -3.589534840710882548e-03 -1.869044006294559590e-05
1.560000000000000000e+02 -4.229923732428244806e-03 -3.593100349608755687e-03 -1.918966770189428541e-05
1.680000000000000000e+02 -4.227562327737655404e-03 -3.595266695080044910e-03 -2.158232847228798863e-05
1.800000000000000000e+02 -4.224714504918552355e-03 -3.595808476415834117e-03 -2.269242120037570699e-05
1.920000000000000000e+02 -4.228696966179450352e-03 -3.597230068507542393e-03 -2.401472741312812902e-05
2.040000000000000000e+02 -4.233239869248313705e-03 -3.599272886481980852e-03 -2.474415680353034372e-05
2.160000000000000000e+02 -4.239764763028620355e-03 -3.600051208173909046e-03 -2.538784024425949800e-05
2.280000000000000000e+02 -4.243047404537742505e-03 -3.598963322408235254e-03 -2.587767340780445705e-05
2.400000000000000000e+02 -4.237808720478596948e-03 -3.596536953446206972e-03 -2.643925464508235614e-05
2.520000000000000000e+02 -4.242192066530151712e-03 -3.593644990352868294e-03 -2.721663168264052966e-05
2.640000000000000000e+02 -4.262213235934291140e-03 -3.593475800830515238e-03 -2.776015609012951848e-05
2.760000000000000000e+02 -4.269879511782426196e-03 -3.589375161315297175e-03 -2.697752975789879248e-05
2.880000000000000000e+02 -4.275870862199053664e-03 -3.585640724641723544e-03 -2.721576367417590810e-05
3.000000000000000000e+02 -4.285586534506626542e-03 -3.579010153690626288e-03 -2.553567805874364915e-05
3.120000000000000000e+02 -4.275227586069081653e-03 -3.568493385470287473e-03 -2.594583358676826260e-05
3.240000000000000000e+02 -4.290006428011566147e-03 -3.561513339655118793e-03 -2.476970393104235859e-05
3.360000000000000000e+02 -4.296358234929823113e-03 -3.555297877118289256e-03 -2.466136837562380764e-05
3.480000000000000000e+02 -4.299246907412941285e-03 -3.551580826745203041e-03 -2.306530099280246996e-05
3.600000000000000000e+02 -4.310379522456992199e-03 -3.545204963539867835e-03 -2.318839264044811788e-05
3.720000000000000000e+02 -4.313014332311184210e-03 -3.539543302865388180e-03 -2.096705145798870594e-05
3.840000000000000000e+02 -4.309900529755532166e-03 -3.535008028518007040e-03 -2.037867252294453690e-05
3.960000000000000000e+02 -4.321087253202131502e-03 -3.531218037661824211e-03 -1.812134540952890549e-05
4.080000000000000000e+02 -4.334368687101744326e-03 -3.527592982412170244e-03 -1.640733039114377224e-05
4.200000000000000000e+02 -4.347296074065991681e-03 -3.524984987656193912e-03 -1.350328912664704985e-05
4.320000000000000000e+02 -4.341291241367241892e-03 -3.521750718571604270e-03 -1.045935900186878306e-05
4.440000000000000000e+02 -4.347092177799242660e-03 -3.518616226843437281e-03 -7.956125570215707261e-06
4.560000000000000000e+02 -4.335970432671854696e-03 -3.515373210302413960e-03 -4.917657140447747868e-06
4.680000000000000000e+02 -4.320374219633470354e-03 -3.512215164572603330e-03 -2.038063766535195309e-06
4.800000000000000000e+02 -4.323967495216152548e-03 -3.511775236694279594e-03 -3.430173912434636553e-07
4.920000000000000000e+02 -4.309026115320034427e-03 -3.513099598347366875e-03 2.772338519027628292e-06
5.040000000000000000e+02 -4.302941154662539951e-03 -3.518853575253342528e-03 4.812273082985997220e-06
5.160000000000000000e+02 -4.311485740825037050e-03 -3.525423344741204952e-03 7.032690243484440899e-06
5.280000000000000000e+02 -4.313201200813364215e-03 -3.534444005928560461e-03 9.034549663384166618e-06
5.400000000000000000e+02 -4.323535867178565813e-03 -3.542787091846878560e-03 1.071726365895637639e-05
5.520000000000000000e+02 -4.301811834527222503e-03 -3.550263807892599724e-03 1.212811063000767051e-05
5.640000000000000000e+02 -4.297701008834008303e-03 -3.557110370632869927e-03 1.297060268192609145e-05
5.760000000000000000e+02 -4.294370020473638888e-03 -3.563252649373919046e-03 1.350522244384184157e-05
5.880000000000000000e+02 -4.307441516615324699e-03 -3.568433548590178254e-03 1.453094197700990625e-05
6.000000000000000000e+02 -4.289864864199659754e-03 -3.573447062682862368e-03 1.436433313960135092e-05
6.120000000000000000e+02 -4.287050068931932793e-03 -3.575849504126949688e-03 1.459965242716208533e-05
6.240000000000000000e+02 -4.290525499809177447e-03 -3.578406656142624296e-03 1.497237689287735888e-05
6.360000000000000000e+02 -4.287665988771572831e-03 -3.576926951575490083e-03 1.476615131962800493e-05
6.480000000000000000e+02 -4.289723170936724471e-03 -3.577533678139059158e-03 1.485702529806822796e-05
6.600000000000000000e+02 -4.295455742059209325e-03 -3.578289340793832946e-03 1.454391232356085409e-05
6.720000000000000000e+02 -4.297705901084236495e-03 -3.578804035084715614e-03 1.505078618988901163e-05
6.840000000000000000e+02 -4.293392273445021876e-03 -3.579668765374162745e-03 1.527346732426816811e-05
6.960000000000000000e+02 -4.296984770562619141e-03 -3.580392073557050157e-03 1.472303898139620830e-05
7.080000000000000000e+02 -4.285425935119871986e-03 -3.580802740134754383e-03 1.428347316941359697e-05
7.200000000000000000e+02 -4.294083080595271530e-03 -3.582356818249854673e-03 1.436843260862474870e-05
7.320000000000000000e+02 -4.285611402991560195e-03 -3.583744724095083625e-03 1.284932280935795951e-05
7.440000000000000000e+02 -4.296932415205708192e-03 -3.584558741177568380e-03 1.337278930351510355e-05
7.560000000000000000e+02 -4.316686615996320926e-03 -3.584090661553227409e-03 1.230744614987919448e-05
7.680000000000000000e+02 -4.310173295380775871e-03 -3.583841279678529404e-03 1.271272417063158383e-05
7.800000000000000000e+02 -4.355531993854958560e-03 -3.582332970690106123e-03 1.117186641813650748e-05
7.920000000000000000e+02 -4.378218159328821531e-03 -3.580469006021530683e-03 1.283812830569859512e-05
8.040000000000000000e+02 -4.363581382528798625e-03 -3.580060701153877506e-03 7.722945450808402009e-06
8.160000000000000000e+02 -4.318053457004328126e-03 -3.581958233252328146e-03 8.805716677383997797e-06
8.280000000000000000e+02 -4.289761973769497770e-03 -3.582898245333239994e-03 7.992450029959043760e-06
8.400000000000000000e+02 -4.266907238065266623e-03 -3.585207566861254094e-03 7.700475512629579588e-06
8.520000000000000000e+02 -4.249422701611206728e-03 -3.586815905515129601e-03 7.606764253573763586e-06
8.640000000000000000e+02 -4.230108206027682546e-03 -3.590673185952096124e-03 6.213236418833581050e-06
8.760000000000000000e+02 -4.212643797408509305e-03 -3.593345692558864383e-03 7.002267530449615697e-06
8.880000000000000000e+02 -4.190637066444003606e-03 -3.599243395872656504e-03 4.090007536237307328e-06
9.000000000000000000e+02 -4.165782050251152883e-03 -3.606515093882455870e-03 6.096149467971505222e-06
9.120000000000000000e+02 -4.130900103737167144e-03 -3.620221991538585468e-03 1.057696262978646880e-06
9.240000000000000000e+02 -4.084694024386362546e-03 -3.640468267127391824e-03 5.041263350736985316e-06
9.360000000000000000e+02 -4.018764628214080772e-03 -3.673529667754905654e-03 -3.111221066336959803e-06
9.480000000000000000e+02 -3.914903940706733823e-03 -3.724829117009199018e-03 4.696860773061395261e-06
9.600000000000000000e+02 -3.721762375165485470e-03 -3.848510234610216536e-03 -1.037440865264577091e-05
9.720000000000000000e+02 -3.364190659163420870e-03 -4.106406157389460784e-03 8.827661768839878488e-06
9.840000000000000000e+02 -2.680182497903263027e-03 -4.559733023233593710e-03 -2.784845478413939255e-05
9.960000000000000000e+02 -1.339593264920301875e-03 -5.371737855380615857e-03 2.902739032648289514e-05
1.008000000000000000e+03 8.915207079343190517e-04 -6.608964297217971746e-03 -8.276853243760033403e-05
1.020000000000000000e+03 4.547450026234980958e-03 -8.352002191892041183e-03 1.242084505131463203e-04
1.032000000000000000e+03 1.008333206690390470e-02 -1.061850340469609397e-02 -2.752517895063875779e-04
1.044000000000000000e+03 1.663412419228148947e-02 -1.282215196662222015e-02 4.634258320352668587e-04
1.056000000000000000e+03 1.565833279563086031e-02 -1.373195294050905124e-02 -4.308799349414130318e-04
1.068000000000000000e+03 6.967003691909849118e-03 -1.326958181889195849e-02 1.720604959430578097e-04
1.080000000000000000e+03 -8.622442171925058085e-04 -1.108251437943793064e-02 1.978192571782420113e-04
1.092000000000000000e+03 -5.682387871164098873e-03 -7.131624254539190542e-03 -1.729543109400527969e-04
1.104000000000000000e+03 -8.576300146344533956e-03 -4.024455698994540767e-03 2.713013174712636299e-04
1.116000000000000000e+03 -1.176253562707230485e-02 1.468411775470553852e-03 -5.960319787502081721e-05
1.128000000000000000e+03 -1.764641235662573956e-02 7.996592991453700672e-03 1.821209045719102127e-04
1.140000000000000000e+03 -2.611021705152636457e-02 1.378351265253115882e-02 -3.745444742959193091e-04
1.152000000000000000e+03 -2.929694182495058002e-02 1.277218070690122435e-02 7.369712766297518763e-04
1.164000000000000000e+03 -1.456307750691631861e-02 3.205741424986706650e-03 -3.213809490036203327e-04
1.176000000000000000e+03 -8.176819021852224992e-03 -1.296553847675897993e-03 1.173884781442661188e-04
1.188000000000000000e+03 -5.628254026503998718e-03 -2.946317361700823752e-03 -3.838220392604204751e-05
1.200000000000000000e+03 -4.789029801879462339e-03 -3.489503581189262651e-03 1.312027062988354394e-05
1.212000000000000000e+03 -4.520454321499107857e-03 -3.654761449573277338e-03 -5.666514397571794996e-06
1.224000000000000000e+03 -4.498674863946360014e-03 -3.673950076532912432e-03 5.068638767840180210e-06
1.236000000000000000e+03 -4.525433265316462089e-03 -3.645438360449361308e-03 -5.089542708474676901e-06
1.248000000000000000e+03 -4.543525378514845850e-03 -3.627898810066028639e-03 4.791038853645930988e-06
1.260000000000000000e+03 -4.503224403932836080e-03 -3.643127280149280854e-03 -3.570009240199301108e-06
1.272000000000000000e+03 -4.482456663281550457e-03 -3.648397232903914742e-03 2.375647682543721596e-06
1.284000000000000000e+03 -4.456224865554861241e-03 -3.654686075494748779e-03 -1.420791316240072075e-06
1.296000000000000000e+03 -4.438169182527201308e-03 -3.665039928793407779e-03 7.684831260228574161e-07
1.308000000000000000e+03 -4.420482793033329860e-03 -3.674969950488889570e-03 -3.818859535492522917e-07
1.320000000000000000e+03 -4.413141917153256752e-03 -3.681273795875881789e-03 2.047381343088977749e-07
1.332000000000000000e+03 -4.409417955750961557e-03 -3.684346218961127243e-03 -1.139290650099080999e-07
1.344000000000000000e+03 -4.409146589534111704e-03 -3.684647961365294759e-03 8.105639151860755236e-08
1.356000000000000000e+03 -4.407939152890628584e-03 -3.685749525389473997e-03 -4.396865971991232902e-08
1.368000000000000000e+03 -4.408029741288294577e-03 -3.685803388845658880e-03 3.355081146837730698e-08
1.380000000000000000e+03 -4.407177747212108129e-03 -3.686685941453379106e-03 -1.434673486060299966e-08
1.392000000000000000e+03 -4.407365140519413707e-03 -3.686688850456118754e-03 1.821378550887221976e-08
1.404000000000000000e+03 -4.406848622019310727e-03 -3.687348381219487849e-03 -1.361503801887268944e-10
1.416000000000000000e+03 -4.407081127113485729e-03 -3.687419656003271609e-03 2.603670640274744652e-09
1.428000000000000000e+03 -4.406696366318397368e-03 -3.687948905238727215e-03 2.408034686422633205e-08
1.440000000000000000e+03 -4.406996966887879487e-03 -3.688020864025202267e-03 -2.490932650426641703e-08
1.452000000000000000e+03 -4.406744724830389051e-03 -3.688478200780082473e-03 5.116035321488464821e-08
1.464000000000000000e+03 -4.407144326466197817e-03 -3.688458900565138015e-03 -5.181789894455675575e-08
1.476000000000000000e+03 -4.407001056117314589e-03 -3.688890804532434387e-03 6.448501651097962986e-08
1.488000000000000000e+03 -4.407397857760815899e-03 -3.688864546729212282e-03 -6.714518269923114594e-08
1.500000000000000000e+03 -4.407430427753536092e-03 -3.689172920839803391e-03 5.987451437316770604e-08
1.512000000000000000e+03 -4.407803455188662005e-03 -3.689116467086387460e-03 -7.298623259523462630e-08
1.524000000000000000e+03 -4.407938557285717707e-03 -3.689356704869965319e-03 4.566867686813802330e-08
1.536000000000000000e+03 -4.408309281161473456e-03 -3.689253272064684126e-03 -7.009105518779590280e-08
1.548000000000000000e+03 -4.408417968419621816e-03 -3.689505426482753668e-03 2.928624748285424275e-08
1.560000000000000000e+03 -4.408682813794848922e-03 -3.689526091874608879e-03 -6.095486522444682232e-08
1.572000000000000000e+03 -4.408785764163610996e-03 -3.689737214821673262e-03 1.199184251932661199e-08
1.584000000000000000e+03 -4.408929974589045550e-03 -3.689877969994495143e-03 -4.657608800995305525e-08
1.596000000000000000e+03 -4.409030754655532056e-03 -3.690049623897902892e-03 -8.296852259892517477e-09
1.608000000000000000e+03 -4.409144443898935228e-03 -3.690223506833672108e-03 -2.828122910522590096e-08
1.620000000000000000e+03 -4.409228289905604142e-03 -3.690381412677731787e-03 -2.846328865095393284e-08
1.632000000000000000e+03 -4.409298021136567186e-03 -3.690654581396449890e-03 -9.934894720892150833e-09
1.644000000000000000e+03 -4.409332705241957029e-03 -3.690840409409429455e-03 -4.448778042834833047e-08
1.656000000000000000e+03 -4.409391218216410571e-03 -3.691134943410179399e-03 6.886118106513849640e-09
1.668000000000000000e+03 -4.409278124796219347e-03 -3.691474276264648455e-03 -5.910610611838395915e-08
1.680000000000000000e+03 -4.409310120969223840e-03 -3.691816309058333287e-03 2.291245277337150664e-08
1.692000000000000000e+03 -4.409033887355758019e-03 -3.692415657530443828e-03 -7.431329370102823954e-08
1.704000000000000000e+03 -4.408997410880203562e-03 -3.692882469817334538e-03 2.910407713891949320e-08
1.716000000000000000e+03 -4.408609703576894627e-03 -3.693747956704771657e-03 -8.918941729066375913e-08
1.728000000000000000e+03 -4.408368037260743284e-03 -3.694397187978972971e-03 1.502985662608646761e-08
1.740000000000000000e+03 -4.407828438976150488e-03 -3.695643132320537965e-03 -9.537866451440613508e-08
1.752000000000000000e+03 -4.407023365652230212e-03 -3.696861181684528170e-03 -1.442187781279247138e-08
1.764000000000000000e+03 -4.405815466367130236e-03 -3.699479942500772615e-03 -1.064438349184515527e-07
1.776000000000000000e+03 -4.402846448018192180e-03 -3.703564740674823892e-03 -3.390594444294126317e-08
1.788000000000000000e+03 -4.397784500850297935e-03 -3.712292523809833465e-03 -2.132760734256611183e-07
1.800000000000000000e+03 -4.379661190595527179e-03 -3.742858246626178630e-03 1.123957959825672122e-07
1.812000000000000000e+03 -4.326701559192019583e-03 -3.835124830550762365e-03 -2.375370806360177395e-06
1.824000000000000000e+03 -4.204814171223245078e-03 -3.991071429382475437e-03 3.273761503411864801e-06
1.836000000000000000e+03 -4.132853089556329067e-03 -3.979503576242177793e-03 -1.281004508564746958e-05
1.848000000000000000e+03 -4.292532684371690339e-03 -3.611683229758569022e-03 -8.858289159208166519e-06
1.860000000000000000e+03 -4.835982961068952674e-03 -2.977370117768657690e-03 1.263408086819958249e-05
1.872000000000000000e+03 -5.647289690001832362e-03 -2.248312210700521407e-03 2.482631305443172415e-06
1.884000000000000000e+03 -6.513150736746615641e-03 -1.644190015330195898e-03 9.094958316422480874e-05
1.896000000000000000e+03 -7.476998407866699073e-03 -1.103753564806061148e-03 7.200104190501239597e-05
1.908000000000000000e+03 -7.814691807981092100e-03 -1.273373374142272455e-03 1.174843297082501787e-04
1.920000000000000000e+03 -6.886255157218988676e-03 -2.294034780748302298e-03 1.078967396546819427e-04
