# z, uu, vv, ww, tke
0.000000000000000000e+00 7.466760839163807950e-02 5.399366398341777507e-02 2.295725469030604048e-03 6.547849892204322952e-02
1.200000000000000000e+01 1.269487930714294777e-01 8.807078746155282134e-02 7.270985116002597927e-03 1.111452828244924584e-01
2.400000000000000000e+01 1.703899459273614525e-01 1.272311090267710665e-01 2.336517729690754108e-02 1.604931161255200300e-01
3.600000000000000000e+01 1.293807377670065650e-01 9.824950227835187178e-02 3.870936002246177371e-02 1.331698000339101018e-01
4.800000000000000000e+01 1.208508453113300712e-01 9.147637374800755838e-02 3.833512424899534338e-02 1.253311716541664900e-01
6.000000000000000000e+01 1.068179832658799067e-01 8.036302911169240781e-02 4.022052741551499638e-02 1.137007698965436520e-01
7.200000000000000000e+01 1.007346422055301616e-01 7.363943807775676087e-02 3.831614440457917908e-02 1.063451123439330542e-01
8.400000000000000000e+01 9.222809466037035220e-02 6.730279726447672972e-02 3.803860177488817967e-02 9.878474684986764121e-02
9.600000000000000000e+01 8.869015094763037232e-02 6.190429071950011297e-02 3.637684868001466593e-02 9.348564517357257908e-02
1.080000000000000000e+02 8.275036396365248459e-02 5.737152849711465996e-02 3.584168855515752067e-02 8.798179050796232914e-02
1.200000000000000000e+02 7.973928154874961038e-02 5.381135715993905222e-02 3.448396108380796798e-02 8.401729989624831529e-02
1.320000000000000000e+02 7.800556100562493211e-02 5.041008461264419316e-02 3.325657642748034576e-02 8.083611102287473205e-02
1.440000000000000000e+02 7.651453313183646798e-02 4.763523254803073148e-02 3.232867943579982584e-02 7.823922255783351265e-02
1.560000000000000000e+02 7.395996438293961361e-02 4.497524495206368239e-02 3.097163323506575347e-02 7.495342128503451606e-02
1.680000000000000000e+02 7.178325158423820573e-02 4.301892927842083242e-02 2.989137309473753612e-02 7.234677697869829061e-02
1.800000000000000000e+02 6.888368623623661313e-02 4.158014872926869138e-02 2.868550906730699818e-02 6.957467201640614440e-02
1.920000000000000000e+02 6.685380082836968330e-02 3.983176932750798899e-02 2.727447442342696010e-02 6.698002228965231619e-02
2.040000000000000000e+02 6.386103919077937285e-02 3.821251265573093192e-02 2.627948498057931445e-02 6.417651841354481135e-02
2.160000000000000000e+02 6.230194337360193263e-02 3.650255202715955299e-02 2.508289953837651229e-02 6.194369746956900069e-02
2.280000000000000000e+02 5.909169611401565714e-02 3.466264250840842692e-02 2.427194639084599009e-02 5.901314250663503014e-02
2.400000000000000000e+02 5.639059497435483514e-02 3.300954734374306199e-02 2.305239607754708264e-02 5.622626919782248989e-02
2.520000000000000000e+02 5.433813738815840982e-02 3.137616006223761800e-02 2.200450540898020793e-02 5.385940142968811267e-02
2.640000000000000000e+02 5.290499230096850497e-02 3.069395610569220639e-02 2.085598032999531892e-02 5.222746436832801514e-02
2.760000000000000000e+02 5.057403075796685493e-02 2.911855371208978485e-02 1.988631503575349208e-02 4.978944975290507113e-02
2.880000000000000000e+02 4.830397955690689943e-02 2.720567757556907953e-02 1.893530783823308208e-02 4.722248248535453052e-02
3.000000000000000000e+02 4.627091042556558814e-02 2.616188275878455344e-02 1.801647648844951696e-02 4.522463483639983101e-02
3.120000000000000000e+02 4.315391838419489756e-02 2.493955561876828875e-02 1.693453577817148267e-02 4.251400489056733623e-02
3.240000000000000000e+02 4.060892279039736430e-02 2.402906505395381587e-02 1.624353372669993731e-02 4.044076078552556047e-02
3.360000000000000000e+02 3.779412289148142284e-02 2.357300155013328929e-02 1.529490234752190619e-02 3.833101339456830570e-02
3.480000000000000000e+02 3.518581840830736079e-02 2.300786177068915930e-02 1.462312266039649845e-02 3.640840141969651361e-02
3.600000000000000000e+02 3.228523143120912153e-02 2.212313279153474768e-02 1.381424396244081837e-02 3.411130409259234553e-02
3.720000000000000000e+02 3.048014151837349570e-02 2.049082520479614949e-02 1.291969545765206742e-02 3.194533109041085284e-02
3.840000000000000000e+02 2.759213249825156686e-02 1.926355378022993198e-02 1.209900551706159962e-02 2.947734589777154662e-02
3.960000000000000000e+02 2.575164446807258478e-02 1.822604079359230189e-02 1.111452492181499128e-02 2.754610509173993985e-02
4.080000000000000000e+02 2.382664201475369684e-02 1.690516346495612998e-02 1.014490135427701008e-02 2.543835341699341585e-02
4.200000000000000000e+02 2.177477327330966383e-02 1.566120980614400457e-02 9.289898437282432045e-03 2.336294075836805109e-02
4.320000000000000000e+02 1.926607246535265439e-02 1.451505462396585761e-02 8.652738605335408631e-03 2.121693284732695944e-02
4.440000000000000000e+02 1.669106442386554534e-02 1.316812460393428259e-02 7.877980059792536946e-03 1.886858454379618244e-02
4.560000000000000000e+02 1.453801379447456320e-02 1.145118944927107224e-02 7.153616536703251080e-03 1.657140989022444499e-02
4.680000000000000000e+02 1.260669823688665390e-02 9.563725361318622942e-03 6.406713105052868826e-03 1.428856835162907457e-02
4.800000000000000000e+02 1.080452901569227755e-02 8.213313357034740178e-03 5.754335492239748273e-03 1.238608893248338214e-02
4.920000000000000000e+02 9.381733984881646463e-03 7.213989907552368838e-03 5.119788913612921544e-03 1.085775640302346842e-02
5.040000000000000000e+02 7.797925145154658948e-03 6.036041851369708042e-03 4.550999498348886479e-03 9.192483247436626301e-03
5.160000000000000000e+02 6.240058446661911166e-03 4.890823520458735876e-03 4.016785687547338654e-03 7.573833827333992415e-03
5.280000000000000000e+02 4.866725854271443212e-03 3.895682823770180679e-03 3.541104088866685491e-03 6.151756383454155125e-03
5.400000000000000000e+02 3.831792307415992065e-03 3.172205992087596092e-03 3.101154567313657486e-03 5.052576433408622822e-03
5.520000000000000000e+02 3.051644461794753970e-03 2.566557380036898345e-03 2.663438868522937340e-03 4.140820355177295478e-03
5.640000000000000000e+02 2.449156324195096192e-03 2.116532720938221410e-03 2.281389976325505237e-03 3.423539510729411636e-03
5.760000000000000000e+02 2.025760381063781371e-03 1.720999502722751415e-03 1.965934492465595124e-03 2.856347188126063738e-03
5.880000000000000000e+02 1.720783201385725188e-03 1.485213336381237736e-03 1.734543290688232882e-03 2.470269914227597903e-03
6.000000000000000000e+02 1.447263011373538895e-03 1.261922567393810278e-03 1.546354361317044427e-03 2.127769970042197017e-03
6.120000000000000000e+02 1.220008940222986346e-03 1.075487677433626310e-03 1.355000883955916145e-03 1.825248750806264400e-03
6.240000000000000000e+02 1.054392327699029070e-03 9.471445492666106256e-04 1.213837145334148090e-03 1.607687011149893947e-03
6.360000000000000000e+02 9.882318802323813468e-04 8.671499642513495580e-04 1.093909603343208407e-03 1.474645723913469656e-03
6.480000000000000000e+02 8.921937355972801376e-04 8.427719521949439581e-04 1.006608064363234342e-03 1.370786876077729165e-03
6.600000000000000000e+02 8.559482211243384965e-04 8.659808832834413155e-04 9.111341285417035073e-04 1.316531616474741605e-03
6.720000000000000000e+02 8.553124671533666621e-04 8.349855784031825568e-04 8.600522490052510275e-04 1.275175147280900069e-03
6.840000000000000000e+02 8.364412004192896136e-04 8.266422391315558565e-04 7.896223062593120965e-04 1.226352872905078729e-03
6.960000000000000000e+02 8.359680903471709097e-04 8.439837470726217284e-04 7.588184828273310386e-04 1.219385160123561893e-03
7.080000000000000000e+02 8.355449036450589761e-04 8.722970092209421118e-04 7.132242762493865799e-04 1.210533094557693888e-03
7.200000000000000000e+02 8.438102225126435782e-04 9.037064145987457400e-04 6.846595579804561158e-04 1.216088097545922880e-03
7.320000000000000000e+02 9.294665646776123892e-04 9.004465979895908464e-04 6.314303851710498846e-04 1.230671773919126723e-03
7.440000000000000000e+02 9.067367242160873824e-04 8.459750416120119087e-04 6.036745104877140654e-04 1.178193138157906678e-03
7.560000000000000000e+02 8.898574622229290685e-04 8.121841562085664558e-04 5.548179694225421161e-04 1.128429793927018766e-03
7.680000000000000000e+02 8.660216778221354640e-04 8.126951069384139590e-04 5.436140777053830248e-04 1.111165431232966115e-03
7.800000000000000000e+02 8.984934759496290922e-04 8.826911515387206005e-04 5.033322325582205090e-04 1.142258430023285155e-03
7.920000000000000000e+02 9.009920045103732853e-04 8.796621725815221204e-04 4.943709801168253174e-04 1.137512578604360416e-03
8.040000000000000000e+02 8.581507268223191424e-04 9.527062243731342171e-04 4.511497272182515188e-04 1.131003339206852493e-03
8.160000000000000000e+02 8.309906906193023982e-04 1.045312101419025802e-03 4.270444174163327399e-04 1.151673604727330470e-03
8.280000000000000000e+02 8.620905835962112138e-04 1.051332125650068132e-03 3.933489278747522000e-04 1.153385818560515854e-03
8.400000000000000000e+02 8.132121103904914588e-04 9.555219801929472909e-04 3.771599997228919929e-04 1.072947045153165371e-03
8.520000000000000000e+02 8.517718334935370748e-04 8.648559376661282133e-04 3.402649770636193092e-04 1.028446374111642407e-03
8.640000000000000000e+02 8.761917047728289779e-04 8.199344327128974420e-04 3.331366866130512899e-04 1.014631412049388746e-03
8.760000000000000000e+02 9.173386163565329420e-04 8.104005166541923761e-04 2.902480362476153185e-04 1.008993584629170291e-03
8.880000000000000000e+02 9.953776405467020319e-04 8.341819510450509002e-04 2.747805136087865994e-04 1.052170052600269684e-03
9.000000000000000000e+02 1.057193405653078294e-03 8.838910964611347999e-04 2.213332276411088880e-04 1.081208864877660977e-03
9.120000000000000000e+02 1.307316163926594728e-03 8.405750775474931475e-04 2.185365358907404704e-04 1.183213888682414132e-03
9.240000000000000000e+02 1.473302407274109087e-03 8.675849207487250055e-04 1.737480793149199924e-04 1.257317703668877056e-03
9.360000000000000000e+02 1.738150209878777273e-03 1.019070252572391129e-03 1.623613892972477308e-04 1.459790925874208120e-03
9.480000000000000000e+02 1.737429493982527162e-03 1.030523328757377861e-03 1.370559436086639653e-04 1.452504383174284481e-03
9.600000000000000000e+02 1.941958843483670852e-03 1.042383421496318342e-03 1.322981543108867270e-04 1.558320209645438137e-03
9.720000000000000000e+02 1.648472912824275154e-03 9.570242026304328362e-04 1.229327217956009851e-04 1.364214918625154338e-03
9.840000000000000000e+02 1.526744046800265504e-03 9.933768812442074058e-04 1.446834002044197851e-04 1.332402164124446130e-03
9.960000000000000000e+02 1.358402807222058384e-03 9.757705595858279148e-04 1.607121310040861620e-04 1.247442748905986136e-03
1.008000000000000000e+03 1.359352211265440124e-03 8.329069322057222396e-04 1.898866703101675653e-04 1.191072906890664829e-03
1.020000000000000000e+03 1.371887162528858230e-03 9.905123149256975321e-04 2.265838254649349675e-04 1.294491651459745351e-03
1.032000000000000000e+03 1.156600533612936422e-03 1.284264433925890684e-03 2.734861879765051605e-04 1.357175577757666106e-03
1.044000000000000000e+03 1.034795510154524123e-03 7.657680515847556770e-04 3.108525178195665475e-04 1.055708039779423282e-03
1.056000000000000000e+03 6.391241976082632234e-04 6.782231697314185237e-04 3.239208791413902768e-04 8.206341232405359306e-04
1.068000000000000000e+03 7.246819771985329442e-04 3.270441233354313536e-04 3.375597947981957619e-04 6.946429476660800299e-04
1.080000000000000000e+03 7.996291066659093382e-04 2.664635387542620007e-04 3.610706279406217657e-04 7.135816366803965794e-04
1.092000000000000000e+03 1.176473029542375636e-03 1.991185112777951120e-04 3.787376372821226649e-04 8.771645890511467741e-04
1.104000000000000000e+03 1.877523288310306484e-03 1.752244764645257400e-04 3.727199159990662912e-04 1.212733840386949176e-03
1.116000000000000000e+03 1.922248451989716587e-03 1.699948024576122395e-04 3.377043701163760011e-04 1.214973812281852292e-03
1.128000000000000000e+03 1.747775339609093908e-03 1.928879283242994694e-04 2.841237972798167145e-04 1.112393532606605019e-03
1.140000000000000000e+03 8.619018727889620748e-04 1.549166552694552926e-04 2.360930422456613057e-04 6.264557851520393501e-04
1.152000000000000000e+03 5.416549799196594423e-04 1.348957675971150494e-04 1.986037392901078601e-04 4.375772434034412030e-04
1.164000000000000000e+03 2.059651863686337255e-04 1.098198764231973757e-04 1.720483288957290414e-04 2.439166958437800578e-04
1.176000000000000000e+03 1.943841441880788767e-04 9.052545860416358770e-05 1.383981598853025873e-04 2.116538813387725394e-04
1.188000000000000000e+03 1.156136947648004520e-04 6.987163648747669257e-05 1.080472249216045389e-04 1.467662780869408417e-04
1.200000000000000000e+03 1.175600811683349175e-04 5.325652218721072830e-05 9.175562857481324398e-05 1.312861159651794517e-04
1.212000000000000000e+03 7.199031810720661227e-05 4.903545872217432108e-05 7.164404279694686116e-05 9.633490981316389725e-05
1.224000000000000000e+03 8.057211101983447995e-05 3.911663503927940457e-05 6.419880616648752664e-05 9.194377611280070558e-05
1.236000000000000000e+03 5.325492245432599349e-05 3.612985204717569294e-05 5.148301706345365184e-05 7.043389578247767591e-05
1.248000000000000000e+03 4.831731585987810709e-05 3.337695161400517957e-05 4.810466934774779992e-05 6.489946841081555007e-05
1.260000000000000000e+03 4.057893932020277956e-05 2.660603325990118666e-05 3.938224246162935673e-05 5.328360752086665978e-05
1.272000000000000000e+03 3.202886709149197647e-05 2.891030482384930746e-05 3.824150164635279595e-05 4.959033678084704333e-05
1.284000000000000000e+03 3.212299049997824270e-05 2.257265289204903866e-05 3.220340766496201907e-05 4.344952552849464683e-05
1.296000000000000000e+03 2.209321204246243926e-05 2.116383937668757500e-05 3.182446599120962113e-05 3.754075870517981431e-05
1.308000000000000000e+03 2.729520602875439237e-05 1.597104645347195904e-05 2.776976229769586424e-05 3.551800738996110782e-05
1.320000000000000000e+03 1.702727648296047314e-05 1.709424151891827414e-05 2.761207644163486799e-05 3.086679722175680255e-05
1.332000000000000000e+03 2.559094341716345905e-05 1.243680800935340652e-05 2.468887885158769740e-05 3.135831513905228487e-05
1.344000000000000000e+03 1.510538403282701833e-05 1.388299839443574233e-05 2.452722673967954329e-05 2.675780458347115198e-05
1.356000000000000000e+03 2.492352650552973463e-05 1.124806431278813034e-05 2.248968359069177095e-05 2.933063720450481711e-05
1.368000000000000000e+03 1.474618001242085030e-05 1.259846619203148837e-05 2.221255700320253716e-05 2.477860160382743622e-05
1.380000000000000000e+03 2.444360991680980587e-05 1.065294272007175562e-05 2.092817539968545127e-05 2.801236401828350553e-05
1.392000000000000000e+03 1.512248720705109421e-05 1.223206631720348257e-05 2.034570163150677257e-05 2.385012757788067722e-05
1.404000000000000000e+03 2.282772964601136227e-05 1.080422971942285299e-05 1.972383765754031349e-05 2.667789851148726099e-05
1.416000000000000000e+03 1.505163808503908803e-05 1.202376794008577239e-05 1.883975700418420162e-05 2.295758151465452848e-05
1.428000000000000000e+03 2.048829142232655535e-05 1.126915549997109455e-05 1.876511383680589840e-05 2.526128037955177076e-05
1.440000000000000000e+03 1.414011942667201593e-05 1.151090386717133013e-05 1.764456708207841771e-05 2.164779518796087934e-05
1.452000000000000000e+03 1.781841288745589198e-05 1.138026318976992277e-05 1.803286592092265923e-05 2.361577099907423614e-05
1.464000000000000000e+03 1.267862755230701983e-05 1.068980790431206599e-05 1.672046504242192519e-05 2.004445024952050466e-05
1.476000000000000000e+03 1.487577164805280532e-05 1.094226898272774336e-05 1.744462470373594643e-05 2.163133266725824586e-05
1.488000000000000000e+03 1.102123428299925926e-05 9.657314651551285201e-06 1.603090394844593620e-05 1.835472644149824118e-05
1.500000000000000000e+03 1.184083162842739435e-05 1.020109322355411469e-05 1.688692646709443870e-05 1.946442565953797387e-05
1.512000000000000000e+03 9.529702466226197449e-06 8.593839144539661105e-06 1.546074978313291716e-05 1.679214569694938955e-05
1.524000000000000000e+03 9.469471637510196803e-06 9.650149372737715824e-06 1.627133574246702837e-05 1.769547837635747050e-05
1.536000000000000000e+03 8.956254136726471128e-06 7.957200263075581197e-06 1.485483104815183111e-05 1.588414272397694341e-05
1.548000000000000000e+03 8.587675376877967857e-06 9.727997137524280321e-06 1.557194186353553559e-05 1.694380718896889443e-05
1.560000000000000000e+03 9.542038293253440060e-06 7.883289964524830924e-06 1.414446142985462110e-05 1.578489484381644689e-05
1.572000000000000000e+03 8.888301556324052169e-06 1.010628819229841782e-05 1.482649805748578726e-05 1.691054390305412862e-05
1.584000000000000000e+03 1.039027476193581438e-05 8.128949462852297537e-06 1.339012667322566272e-05 1.595467544900688986e-05
1.596000000000000000e+03 9.413622432584389224e-06 1.023758352112231820e-05 1.404497062374430145e-05 1.684808828872550444e-05
1.608000000000000000e+03 1.082971939046117818e-05 8.644756995756352748e-06 1.270167197284300981e-05 1.608807417953027122e-05
1.620000000000000000e+03 9.842912222781663919e-06 1.012096708993013334e-05 1.324939138234326181e-05 1.660663534752752869e-05
1.632000000000000000e+03 1.100416914580186726e-05 9.298327361613445001e-06 1.222080927862995443e-05 1.626165289302263081e-05
1.644000000000000000e+03 1.033122557910424097e-05 9.998614803358574340e-06 1.254208695342182681e-05 1.643596366794232021e-05
1.656000000000000000e+03 1.130534217349143960e-05 1.003049392168202607e-05 1.203752101607537275e-05 1.668667855562441836e-05
1.668000000000000000e+03 1.098349440340200531e-05 1.009879801279627256e-05 1.202074777322600483e-05 1.655152009471214135e-05
1.680000000000000000e+03 1.202884086878981370e-05 1.095575464191975696e-05 1.214209191098188383e-05 1.756334371084572894e-05
1.692000000000000000e+03 1.172378355584946568e-05 1.061003052296474218e-05 1.186901141753824667e-05 1.710141274817622811e-05
1.704000000000000000e+03 1.294392886368918079e-05 1.186147289391126228e-05 1.259557296698122216e-05 1.870048736229083431e-05
1.716000000000000000e+03 1.240922664021262199e-05 1.155007681226099025e-05 1.241002688819270158e-05 1.818466517033315522e-05
1.728000000000000000e+03 1.359860591690313913e-05 1.251044256333102643e-05 1.366355322154652129e-05 1.988630085089034512e-05
1.740000000000000000e+03 1.334635091141329548e-05 1.314013441410217789e-05 1.388711278767542862e-05 2.018679905659545015e-05
1.752000000000000000e+03 1.516234962666480641e-05 1.407101828801353717e-05 1.565497783309051266e-05 2.244417287388442812e-05
1.764000000000000000e+03 1.664530912753328122e-05 1.744910119520932528e-05 1.664645693570562836e-05 2.537043362922411743e-05
1.776000000000000000e+03 2.098684984134813078e-05 2.032598485280736510e-05 1.951065307176340363e-05 3.041174388295944976e-05
1.788000000000000000e+03 2.681105141267252487e-05 2.981603654477593730e-05 2.317363296877952578e-05 3.990036046311399567e-05
1.800000000000000000e+03 3.773655548636973769e-05 3.980652374928723779e-05 3.142764160775243066e-05 5.448536042170470646e-05
1.812000000000000000e+03 7.999071071462217559e-05 9.125428269082461056e-05 4.048767630046415150e-05 1.058663348529554824e-04
1.824000000000000000e+03 4.053250675412204459e-04 4.132460662994506644e-04 8.316696012199999415e-05 4.508690469813355522e-04
1.836000000000000000e+03 1.366641969054466048e-03 1.440227000929614112e-03 2.423206479549729314e-04 1.524594808969526559e-03
1.848000000000000000e+03 2.077034366073645527e-03 2.263175017912097235e-03 5.457837922318273293e-04 2.442996588108784992e-03
1.860000000000000000e+03 2.172097009786055650e-03 2.379403228192687389e-03 1.008706566795033923e-03 2.780103402386888481e-03
1.872000000000000000e+03 2.103539756555883669e-03 2.241693062774319928e-03 1.511284501256211126e-03 2.928258660293207253e-03
1.884000000000000000e+03 2.358738451665022638e-03 2.675880929717221884e-03 1.856794954813466292e-03 3.445707168097855190e-03
1.896000000000000000e+03 3.275247733249641354e-03 3.417774042411659413e-03 2.011156308663011871e-03 4.352089042162156536e-03
1.908000000000000000e+03 5.294511054285719158e-03 6.187541137214251641e-03 1.316606146917175587e-03 6.399329169208573843e-03
1.920000000000000000e+03 1.164584204139503150e-02 1.542221967578192611e-02 1.275713804937870632e-03 1.417188776105741434e-02
