# z, u, v, w, u_mag
0.000000000000000000e+00 3.404029375879821462e+00 3.075191445199960238e+00 1.989147266348341089e-03 4.587398213932450730e+00
1.200000000000000000e+01 3.728514990500819248e+00 3.349801512344146026e+00 -1.836101428376691030e-03 5.012284666473054706e+00
2.400000000000000000e+01 4.340404296059186429e+00 3.780835594396700028e+00 1.600614091589481428e-03 5.756199250119089506e+00
3.600000000000000000e+01 4.475537234875664794e+00 3.833010696855899013e+00 -1.588226457598405006e-03 5.892572194333602909e+00
4.800000000000000000e+01 4.619749116348675244e+00 3.906074420403601088e+00 1.596601639928222184e-03 6.049752211857316375e+00
6.000000000000000000e+01 4.725598960916385316e+00 3.942906099512477613e+00 -1.491079462193247622e-03 6.154493989947888544e+00
7.200000000000000000e+01 4.830725221920252999e+00 3.979367315016038464e+00 1.414479667907463014e-03 6.258695742586242616e+00
8.400000000000000000e+01 4.917781830693895628e+00 4.006294782515232633e+00 -1.326915778959828407e-03 6.343104742901322979e+00
9.600000000000000000e+01 5.002114971285245737e+00 4.028713597138074753e+00 1.252926680962216863e-03 6.422747776734383685e+00
1.080000000000000000e+02 5.078916495552238786e+00 4.044026227943879448e+00 -1.187922594269464911e-03 6.492267886667240973e+00
1.200000000000000000e+02 5.155156778863524636e+00 4.059460848574354408e+00 1.123920567997482422e-03 6.561620612239632777e+00
1.320000000000000000e+02 5.226043797078965270e+00 4.067278045432894729e+00 -1.050642181117254293e-03 6.622256833715901791e+00
1.440000000000000000e+02 5.294615070292401526e+00 4.072519151053077380e+00 9.781394452513417041e-04 6.679697742788835768e+00
1.560000000000000000e+02 5.353478648741077706e+00 4.072286607247444401e+00 -9.137276709521294964e-04 6.726310481162147248e+00
1.680000000000000000e+02 5.411571595117687927e+00 4.068819746557140071e+00 8.627454295753063645e-04 6.770554039617997510e+00
1.800000000000000000e+02 5.468777317055259601e+00 4.065189050688096550e+00 -8.198900606268287377e-04 6.814197534089558417e+00
1.920000000000000000e+02 5.527981939225441899e+00 4.059730094441330372e+00 7.911371087156253944e-04 6.858570797623453785e+00
2.040000000000000000e+02 5.579124978597289619e+00 4.053864533715156426e+00 -7.650376060354763469e-04 6.896408758897949021e+00
2.160000000000000000e+02 5.633893025789738829e+00 4.048255214198313467e+00 7.417321693136805271e-04 6.937515510288442044e+00
2.280000000000000000e+02 5.683604907160577646e+00 4.040648594145596739e+00 -7.249849310399733310e-04 6.973536142279161965e+00
2.400000000000000000e+02 5.729983024131274583e+00 4.026394151004907940e+00 7.078128790503568574e-04 7.003181835214490114e+00
2.520000000000000000e+02 5.773340549219525997e+00 4.015453978154083892e+00 -6.903077319904166610e-04 7.032448522702504867e+00
2.640000000000000000e+02 5.817904087569421456e+00 4.004114394800406984e+00 6.804680982045824235e-04 7.062644017777028438e+00
2.760000000000000000e+02 5.860925165512644419e+00 3.989009583435561002e+00 -6.670623914582564937e-04 7.089615059892349080e+00
2.880000000000000000e+02 5.902028977077659277e+00 3.974923387574178069e+00 6.585451768379340168e-04 7.115754521976589864e+00
3.000000000000000000e+02 5.938263318106923094e+00 3.956494796058216856e+00 -6.559313664011251575e-04 7.135602478884032429e+00
3.120000000000000000e+02 5.972098511533282306e+00 3.939194308171224179e+00 6.607471083606169691e-04 7.154244395152667302e+00
3.240000000000000000e+02 6.005250929879967003e+00 3.922331108725561233e+00 -6.682596797673662431e-04 7.172706637237542537e+00
3.360000000000000000e+02 6.037365020996471543e+00 3.906828595025474193e+00 6.765708306002122347e-04 7.191181163439600788e+00
3.480000000000000000e+02 6.067037350687483510e+00 3.890052716943535938e+00 -6.846301573920982519e-04 7.207041891369525999e+00
3.600000000000000000e+02 6.095634060529711462e+00 3.874740627524472014e+00 6.922615081872440269e-04 7.222905925574877095e+00
3.720000000000000000e+02 6.121979878307798550e+00 3.857978486684960018e+00 -6.965453161644360146e-04 7.236203156304065409e+00
3.840000000000000000e+02 6.145929501148883034e+00 3.840208515792511879e+00 7.016456967546386668e-04 7.247044319594310835e+00
3.960000000000000000e+02 6.170716362789194775e+00 3.825499034569467049e+00 -7.058871247993252652e-04 7.260315681274669863e+00
4.080000000000000000e+02 6.194814640131224515e+00 3.808753805970680695e+00 7.156860975192385526e-04 7.272024098714668483e+00
4.200000000000000000e+02 6.218608638126184474e+00 3.794061807536710518e+00 -7.256027945751081796e-04 7.284641303460708706e+00
4.320000000000000000e+02 6.243238079450280864e+00 3.777365280577587026e+00 7.329091712051504382e-04 7.297020673998867224e+00
4.440000000000000000e+02 6.265672780936335506e+00 3.760918323294467847e+00 -7.492008862288272990e-04 7.307746752150112712e+00
4.560000000000000000e+02 6.285069193222448725e+00 3.745328107699144926e+00 7.646199534203649206e-04 7.316391049045889439e+00
4.680000000000000000e+02 6.304357207009775088e+00 3.730177157772029961e+00 -7.857366777491534438e-04 7.325240067009574751e+00
4.800000000000000000e+02 6.322072795927964783e+00 3.715015454423365782e+00 8.035613953569011340e-04 7.332799254672651479e+00
4.920000000000000000e+02 6.339225344151135033e+00 3.699964158349065002e+00 -8.280430937651681424e-04 7.339994102358063266e+00
5.040000000000000000e+02 6.356729824955162478e+00 3.686737537747732052e+00 8.483261822356057786e-04 7.348472525591287940e+00
5.160000000000000000e+02 6.372072189960172217e+00 3.674823569763878695e+00 -8.751690669538742711e-04 7.355789082680175284e+00
5.280000000000000000e+02 6.383421755319321100e+00 3.664662376559887136e+00 8.979525506576871300e-04 7.360558704797914409e+00
5.400000000000000000e+02 6.393746393485474577e+00 3.656986732805020512e+00 -9.259339037711827695e-04 7.365700629639657215e+00
5.520000000000000000e+02 6.402060251376776812e+00 3.648476932218218227e+00 9.499064765822472266e-04 7.368701397770793804e+00
5.640000000000000000e+02 6.410504461989268599e+00 3.641974553100327583e+00 -9.780714288265695850e-04 7.372824903606376878e+00
5.760000000000000000e+02 6.416088754575677733e+00 3.636454388686288564e+00 1.001464698069117788e-03 7.374957384996863929e+00
5.880000000000000000e+02 6.421039665522712880e+00 3.632248992387288933e+00 -1.031196669433932615e-03 7.377193517339848405e+00
6.000000000000000000e+02 6.423903741502905440e+00 3.629603093411478021e+00 1.053911988486094667e-03 7.378384579738825444e+00
6.120000000000000000e+02 6.428292654913009052e+00 3.626194065147545054e+00 -1.083170604027631568e-03 7.380530538421908204e+00
6.240000000000000000e+02 6.431475864723981140e+00 3.623492902841830787e+00 1.105890148342333424e-03 7.381976960033485469e+00
6.360000000000000000e+02 6.434395189036738572e+00 3.621636274441101033e+00 -1.136295785721511565e-03 7.383609689319638569e+00
6.480000000000000000e+02 6.434936288138260352e+00 3.620145655065582613e+00 1.158597627358384568e-03 7.383350251656580099e+00
6.600000000000000000e+02 6.435986997281515798e+00 3.619479879565102642e+00 -1.189197629979779841e-03 7.383939642355181299e+00
6.720000000000000000e+02 6.436063753014677147e+00 3.619165658319134060e+00 1.211277781062762180e-03 7.383852528485371103e+00
6.840000000000000000e+02 6.438244524571094196e+00 3.618689582247206271e+00 -1.242041165747776116e-03 7.385520184354003703e+00
6.960000000000000000e+02 6.438447141263391238e+00 3.618209692446644254e+00 1.264478991110415396e-03 7.385461703120848043e+00
7.080000000000000000e+02 6.439526879281762817e+00 3.617628464322404813e+00 -1.295786823070422308e-03 7.386118318435704211e+00
7.200000000000000000e+02 6.439268680254413901e+00 3.617889618845533395e+00 1.318851062900912568e-03 7.386021132519444699e+00
7.320000000000000000e+02 6.440411506770861827e+00 3.618107555524269436e+00 -1.350192166008226105e-03 7.387124236325473881e+00
7.440000000000000000e+02 6.437950015574946505e+00 3.618275739707424332e+00 1.373416061861008636e-03 7.385060705090272570e+00
7.560000000000000000e+02 6.438184901541794680e+00 3.619405430654615952e+00 -1.405126712160005478e-03 7.385819011610962548e+00
7.680000000000000000e+02 6.437159047097694931e+00 3.621069953918253148e+00 1.428726863959583733e-03 7.385740738075071476e+00
7.800000000000000000e+02 6.437199464847457975e+00 3.622683691200795142e+00 -1.460307780253667113e-03 7.386567281845026756e+00
7.920000000000000000e+02 6.436644985305401079e+00 3.624407720044551251e+00 1.484416093260021571e-03 7.386929821750498171e+00
8.040000000000000000e+02 6.437913265015515307e+00 3.625761633556409791e+00 -1.515758684030953053e-03 7.388699271776919097e+00
8.160000000000000000e+02 6.437374797666596038e+00 3.626076672979773097e+00 1.540857719606645616e-03 7.388384715091900645e+00
8.280000000000000000e+02 6.438201561079215374e+00 3.626090515532046421e+00 -1.572392886878722518e-03 7.389111870876885035e+00
8.400000000000000000e+02 6.437540986566471446e+00 3.627177742343142608e+00 1.598150705206641785e-03 7.389069960580857632e+00
8.520000000000000000e+02 6.436828506129103289e+00 3.627945678552129571e+00 -1.628879698864922707e-03 7.388826274658944371e+00
8.640000000000000000e+02 6.436732893820423129e+00 3.627059084254157018e+00 1.654532273030733663e-03 7.388307700991986415e+00
8.760000000000000000e+02 6.437859347773403407e+00 3.628825006246419793e+00 -1.684439633246171027e-03 7.390156070409447331e+00
8.880000000000000000e+02 6.436770459438029945e+00 3.629200292074700851e+00 1.709991931820444271e-03 7.389391830966982155e+00
9.000000000000000000e+02 6.439714246658065910e+00 3.630271083074364302e+00 -1.738624900828989774e-03 7.392482041779562252e+00
9.120000000000000000e+02 6.438997124239797643e+00 3.632373990733343216e+00 1.763189930866768725e-03 7.392890360566913621e+00
9.240000000000000000e+02 6.441005234876909569e+00 3.632660355816898612e+00 -1.791302863045034135e-03 7.394780112025066465e+00
9.360000000000000000e+02 6.439670311214436893e+00 3.633144632546647212e+00 1.813548568705401895e-03 7.393855349349050421e+00
9.480000000000000000e+02 6.442160657042296457e+00 3.633891609864000394e+00 -1.844279928248643416e-03 7.396391388018352941e+00
9.600000000000000000e+02 6.443171684839716917e+00 3.635051647926223595e+00 1.855290840515705104e-03 7.397841934342443082e+00
9.720000000000000000e+02 6.443207038649606311e+00 3.639254062230998343e+00 -1.901893122938475792e-03 7.399938559850757436e+00
9.840000000000000000e+02 6.446688391444548749e+00 3.642561328957012456e+00 1.878739187546503431e-03 7.404596395568088241e+00
9.960000000000000000e+02 6.447317436112268929e+00 3.644629849158874890e+00 -1.993420632424832643e-03 7.406161815211907751e+00
1.008000000000000000e+03 6.439906479162025299e+00 3.647427842774079387e+00 1.869822965686496414e-03 7.401089705228178772e+00
1.020000000000000000e+03 6.437853361085278614e+00 3.647216398522246994e+00 -2.149232293928723860e-03 7.399199144210545143e+00
1.032000000000000000e+03 6.436399998530336397e+00 3.644952094576414670e+00 1.734918916295789251e-03 7.396818486537434900e+00
1.044000000000000000e+03 6.435451270974827054e+00 3.642336276128845363e+00 -2.390401235908714769e-03 7.394704343211683018e+00
1.056000000000000000e+03 6.435184160643713014e+00 3.637716177320077460e+00 1.612865724256697369e-03 7.392197019118996515e+00
1.068000000000000000e+03 6.434844760639346184e+00 3.629140030208691137e+00 -2.955261298496050185e-03 7.387685238690135492e+00
1.080000000000000000e+03 6.435362272199797395e+00 3.623392269979465397e+00 2.012418918446052477e-03 7.385314019486875381e+00
1.092000000000000000e+03 6.437708714804503352e+00 3.616007348450063219e+00 -2.433895616809695489e-03 7.383739470252358217e+00
1.104000000000000000e+03 6.438680757798183052e+00 3.619604422868245575e+00 2.320820456451078671e-03 7.386348994266080048e+00
1.116000000000000000e+03 6.437046853205623087e+00 3.614654440039169359e+00 -1.965227863126612663e-03 7.382499764536389009e+00
1.128000000000000000e+03 6.437143642108665631e+00 3.621508116894603724e+00 2.161142415019657106e-03 7.385942321763016238e+00
1.140000000000000000e+03 6.433823523717983051e+00 3.614778103001294429e+00 -1.129025952802069094e-03 7.379749802194117692e+00
1.152000000000000000e+03 6.436138486674177983e+00 3.621068268834366499e+00 1.922812319577925410e-03 7.384850555320324972e+00
1.164000000000000000e+03 6.435113489792795072e+00 3.615843646571077041e+00 -3.090081956566587823e-04 7.381396277022911789e+00
1.176000000000000000e+03 6.436311274954125139e+00 3.615152157592993909e+00 1.090351662270083212e-03 7.382101945890318540e+00
1.188000000000000000e+03 6.434702659896498922e+00 3.619306571024865971e+00 -7.943044443556735845e-04 7.382735198235299556e+00
1.200000000000000000e+03 6.435499789450457975e+00 3.616681180578730004e+00 8.962484152820742334e-04 7.382143395060168700e+00
1.212000000000000000e+03 6.435176209712587969e+00 3.618671578636731834e+00 -8.623175765927808224e-04 7.382836689760632787e+00
1.224000000000000000e+03 6.435917703796101286e+00 3.620479344622315132e+00 8.717132439054164602e-04 7.384369176494150366e+00
1.236000000000000000e+03 6.432139038032292255e+00 3.611620190535207886e+00 -8.660089781130425254e-04 7.376734626867913924e+00
1.248000000000000000e+03 6.440117685551022042e+00 3.627446776620983471e+00 8.532847561130458159e-04 7.391446857622659294e+00
1.260000000000000000e+03 6.432330685247586111e+00 3.606839577235331884e+00 -8.430757267096136969e-04 7.374562393190901233e+00
1.272000000000000000e+03 6.440682334956148836e+00 3.631471728277028799e+00 8.321002745506231269e-04 7.393914832176687213e+00
1.284000000000000000e+03 6.431167465866955979e+00 3.601857530454672052e+00 -8.150430512430470193e-04 7.371112080820221735e+00
1.296000000000000000e+03 6.441164400377831001e+00 3.634418288592060176e+00 7.967775811307325432e-04 7.395782295606169399e+00
1.308000000000000000e+03 6.430338120175238537e+00 3.599775992591303098e+00 -7.732050629689680467e-04 7.369371488428411610e+00
1.320000000000000000e+03 6.441673314940433492e+00 3.635183249890160173e+00 7.490815601785247345e-04 7.396601443759211136e+00
1.332000000000000000e+03 6.430113753960204903e+00 3.599594827104264372e+00 -7.204625602692183361e-04 7.369087211266418080e+00
1.344000000000000000e+03 6.441835528916468157e+00 3.635054970177291178e+00 6.903027653802950095e-04 7.396679666873444248e+00
1.356000000000000000e+03 6.430026537540261877e+00 3.599866343934964075e+00 -6.571118119558157786e-04 7.369143735839573495e+00
1.368000000000000000e+03 6.441911603519390184e+00 3.634695008790787885e+00 6.217460774618227158e-04 7.396569022259888548e+00
1.380000000000000000e+03 6.429975429099736850e+00 3.600286276955232623e+00 -5.839147166821307897e-04 7.369304284382272030e+00
1.392000000000000000e+03 6.441965853465100977e+00 3.634229283427657275e+00 5.436060912070573951e-04 7.396387418006240999e+00
1.404000000000000000e+03 6.429924589227029585e+00 3.600785841794746478e+00 -5.013498784918162931e-04 7.369503996400815105e+00
1.416000000000000000e+03 6.442021566848000980e+00 3.633707948802343157e+00 4.562838857557237945e-04 7.396179793185066131e+00
1.428000000000000000e+03 6.429866380921878566e+00 3.601327588061552731e+00 -4.097318312013393496e-04 7.369717921394470572e+00
1.440000000000000000e+03 6.442080809578841105e+00 3.633145898385260253e+00 3.601307271290822695e-04 7.395955273376912942e+00
1.452000000000000000e+03 6.429802092846900408e+00 3.601897478078801118e+00 -3.094390554660176869e-04 7.369940331612008677e+00
1.464000000000000000e+03 6.442144176248197240e+00 3.632559320543366610e+00 2.555687290588370812e-04 7.395722335928413216e+00
1.476000000000000000e+03 6.429733624903538391e+00 3.602483585648386999e+00 -2.009191432004273244e-04 7.370167061366367456e+00
1.488000000000000000e+03 6.442210050356666606e+00 3.631959305159872198e+00 1.430667433613995237e-04 7.395485024507988392e+00
1.500000000000000000e+03 6.429662959061789529e+00 3.603083048915003861e+00 -8.459304828966142159e-05 7.370398444566333751e+00
1.512000000000000000e+03 6.442279589954222452e+00 3.631352398622681221e+00 2.300466332392684822e-05 7.395247565744683449e+00
1.524000000000000000e+03 6.429588702104924280e+00 3.603690259752554415e+00 3.916212220591787265e-05 7.370630527166884605e+00
1.536000000000000000e+03 6.442354324420151102e+00 3.630743085736177544e+00 -1.042408461914094957e-04 7.395013496056801472e+00
1.548000000000000000e+03 6.429508446488692464e+00 3.604300386634922138e+00 1.699286306693374628e-04 7.370858848834498822e+00
1.560000000000000000e+03 6.442436042512867722e+00 3.630133410818031425e+00 -2.382858169707028663e-04 7.394785378831920220e+00
1.572000000000000000e+03 6.429424784627900458e+00 3.604917193549231680e+00 3.073696542634482597e-04 7.371087513251385559e+00
1.584000000000000000e+03 6.442523082829546333e+00 3.629515288655005723e+00 -3.788521867074883887e-04 7.394557799280558008e+00
1.596000000000000000e+03 6.429338483990292730e+00 3.605541250176911294e+00 4.512120796158391924e-04 7.371317470577307240e+00
1.608000000000000000e+03 6.442611373470375824e+00 3.628882802667041663e+00 -5.256593630549337079e-04 7.394324308642420185e+00
1.620000000000000000e+03 6.429247039577536071e+00 3.606170470360107849e+00 6.011570408306327702e-04 7.371545517637636991e+00
1.632000000000000000e+03 6.442703108671502754e+00 3.628241632506634673e+00 -6.784258717987667192e-04 7.394089609316451650e+00
1.644000000000000000e+03 6.429154927971418410e+00 3.606809983640621109e+00 7.569696102889185993e-04 7.371778070381108883e+00
1.656000000000000000e+03 6.442800431757392587e+00 3.627591342443510225e+00 -8.369288031385193607e-04 7.393855357773384540e+00
1.668000000000000000e+03 6.429063410206802942e+00 3.607460339144476169e+00 9.183955063025022207e-04 7.372016499873736528e+00
1.680000000000000000e+03 6.442896143520797203e+00 3.626923444838975552e+00 -1.000901943394652549e-03 7.393611119927967046e+00
1.692000000000000000e+03 6.428971250002422089e+00 3.608125596279617486e+00 1.085151640063048263e-03 7.372261717372758483e+00
1.704000000000000000e+03 6.442981363085689139e+00 3.626235142979730153e+00 -1.170085400530200548e-03 7.393347788813305677e+00
1.716000000000000000e+03 6.428892047459556558e+00 3.608819182603424824e+00 1.257004520212911093e-03 7.372532158673541502e+00
1.728000000000000000e+03 6.443048733821328256e+00 3.625522761040222530e+00 -1.344302966933102724e-03 7.393057154139132336e+00
1.740000000000000000e+03 6.428844660610878670e+00 3.609548091564196426e+00 1.433812308987117597e-03 7.372847696202430079e+00
1.752000000000000000e+03 6.443076803077292247e+00 3.624760076003220366e+00 -1.523518169934702342e-03 7.392707664993062977e+00
1.764000000000000000e+03 6.428857699499189060e+00 3.610313668658031272e+00 1.615496090772254633e-03 7.373233938804371945e+00
1.776000000000000000e+03 6.443001124482515607e+00 3.623876993218380083e+00 -1.707745407572546555e-03 7.392208794971555363e+00
1.788000000000000000e+03 6.429033387799844235e+00 3.611083234189079505e+00 1.801668954956830168e-03 7.373764009764459004e+00
1.800000000000000000e+03 6.442498010533776132e+00 3.622662099785710410e+00 -1.899998168186717339e-03 7.391174799377195015e+00
1.812000000000000000e+03 6.430661451408441920e+00 3.612686739650704748e+00 1.989699647795531781e-03 7.375968827237764813e+00
1.824000000000000000e+03 6.440447099170716783e+00 3.620154080004654773e+00 -2.084148415858693478e-03 7.388158007505352565e+00
1.836000000000000000e+03 6.430147200284718423e+00 3.612039926636038789e+00 2.214037722101301359e-03 7.375203749789243979e+00
1.848000000000000000e+03 6.433762690018937747e+00 3.616813056424327932e+00 -2.290478933039621565e-03 7.380694024473236858e+00
1.860000000000000000e+03 6.434304222644800397e+00 3.614136291892649844e+00 2.410293249705983305e-03 7.379854861407086908e+00
1.872000000000000000e+03 6.435655907242275653e+00 3.613226957154829222e+00 -2.518582681541503901e-03 7.380588211219446748e+00
1.884000000000000000e+03 6.437451483713326539e+00 3.615759511505710400e+00 2.638684538131085347e-03 7.383393895280341290e+00
1.896000000000000000e+03 6.438308810177192143e+00 3.617845310745682053e+00 -2.756585720835288793e-03 7.385163006085553761e+00
1.908000000000000000e+03 6.438221309732948150e+00 3.625813776073439687e+00 2.911505277189130585e-03 7.388993683088811437e+00
1.920000000000000000e+03 6.439424096254811047e+00 3.629611637889039955e+00 -3.002963874676992280e-03 7.391905867306393318e+00
