# z, u, v, w, u_mag
0.000000000000000000e+00 3.412775717222173988e+00 3.073075607793427810e+00 1.955568177575465159e-03 4.592475978328375064e+00
1.200000000000000000e+01 3.737907947578498202e+00 3.347435443652745590e+00 -1.803356215476711877e-03 5.017696994248137976e+00
2.400000000000000000e+01 4.349858198528042230e+00 3.779657269930950303e+00 1.562504490582907130e-03 5.762558274487450838e+00
3.600000000000000000e+01 4.480921874041580821e+00 3.829997388772321543e+00 -1.545934236755562314e-03 5.894704677011375793e+00
4.800000000000000000e+01 4.622765312395238801e+00 3.904274288488073008e+00 1.546085993985870386e-03 6.050894086299610564e+00
6.000000000000000000e+01 4.724669692384836139e+00 3.943460217608292240e+00 -1.441787410311922389e-03 6.154135541954694588e+00
7.200000000000000000e+01 4.827319979854500787e+00 3.983035721602436574e+00 1.356875060744124799e-03 6.258401839812894885e+00
8.400000000000000000e+01 4.913721747013025443e+00 4.013434989917566753e+00 -1.263414835773329263e-03 6.344471878854882618e+00
9.600000000000000000e+01 4.999552834805888857e+00 4.040222156291828348e+00 1.180987506848489490e-03 6.427979854895196965e+00
1.080000000000000000e+02 5.074308499677081308e+00 4.059293210279695252e+00 -1.113395480934335855e-03 6.498189698413504800e+00
1.200000000000000000e+02 5.152170493928041495e+00 4.076164500788959977e+00 1.053154429016606251e-03 6.569625479822200909e+00
1.320000000000000000e+02 5.223320598437061868e+00 4.087377845678976662e+00 -9.887324043757863071e-04 6.632475910623120363e+00
1.440000000000000000e+02 5.292233701346775732e+00 4.096698868178798136e+00 9.289681554736532254e-04 6.692583957574972153e+00
1.560000000000000000e+02 5.354567568005991873e+00 4.101689898695249248e+00 -8.756316565826315589e-04 6.745017022375187743e+00
1.680000000000000000e+02 5.412929523556527123e+00 4.103743925172434359e+00 8.285035450763064300e-04 6.792681423178748901e+00
1.800000000000000000e+02 5.470183337627717357e+00 4.104057376529419265e+00 -7.829148467456793293e-04 6.838581235173061046e+00
1.920000000000000000e+02 5.526460440145933184e+00 4.104593675670837882e+00 7.433714867511972317e-04 6.883999912220814643e+00
2.040000000000000000e+02 5.575938443155525448e+00 4.103617284244232444e+00 -7.129946894204745910e-04 6.923204810329468550e+00
2.160000000000000000e+02 5.628378859416081958e+00 4.100998868633248584e+00 6.883367346286180331e-04 6.963967316082157133e+00
2.280000000000000000e+02 5.676382489241833085e+00 4.097018684950636036e+00 -6.650847413447068994e-04 7.000491462129188491e+00
2.400000000000000000e+02 5.720882704847861433e+00 4.090442270013920023e+00 6.383974872542888578e-04 7.032795837680443363e+00
2.520000000000000000e+02 5.762878179055554995e+00 4.084171824283526320e+00 -6.120993961644074404e-04 7.063372053882746471e+00
2.640000000000000000e+02 5.804867368939325090e+00 4.075413257186674798e+00 5.915668725936244939e-04 7.092635528333655515e+00
2.760000000000000000e+02 5.843900221170409637e+00 4.065576422285025693e+00 -5.718654183112016100e-04 7.118994435133766174e+00
2.880000000000000000e+02 5.880945065471123279e+00 4.056676717636304552e+00 5.533430360817681928e-04 7.144378290704525902e+00
3.000000000000000000e+02 5.915759829248042223e+00 4.045359359695189561e+00 -5.393171212174989156e-04 7.166669170352518492e+00
3.120000000000000000e+02 5.947448129768247327e+00 4.033989189985450530e+00 5.282300591001082464e-04 7.186460068784233712e+00
3.240000000000000000e+02 5.979230264949326745e+00 4.022723649780622246e+00 -5.192258843790064455e-04 7.206490157724899426e+00
3.360000000000000000e+02 6.009203500018934996e+00 4.012384124459908108e+00 5.101346035492567745e-04 7.225631690523329986e+00
3.480000000000000000e+02 6.037420833454340219e+00 4.001888616956271960e+00 -5.022650524079847476e-04 7.243311609686750252e+00
3.600000000000000000e+02 6.063600728122862549e+00 3.990977601991238188e+00 4.954858529201785393e-04 7.259142942193249404e+00
3.720000000000000000e+02 6.087453196625604690e+00 3.980258407678689991e+00 -4.904044245664405466e-04 7.273207246703526252e+00
3.840000000000000000e+02 6.110244978330963583e+00 3.970448270057927775e+00 4.864034361499766472e-04 7.286944036906901623e+00
3.960000000000000000e+02 6.131089298289903233e+00 3.962144314918431220e+00 -4.844571748242623667e-04 7.299920807141963230e+00
4.080000000000000000e+02 6.151524278706220983e+00 3.952112182276046770e+00 4.844333339394306208e-04 7.311664782214956304e+00
4.200000000000000000e+02 6.171064373413189585e+00 3.942993017910283449e+00 -4.852269815908531476e-04 7.323198049728273595e+00
4.320000000000000000e+02 6.188866083603673296e+00 3.933079018591009834e+00 4.849813050470716384e-04 7.332883075739553114e+00
4.440000000000000000e+02 6.205406320884947036e+00 3.923840273997650563e+00 -4.895830185542541938e-04 7.341906451516277521e+00
4.560000000000000000e+02 6.220048150633783912e+00 3.915986235879938437e+00 4.966823788372448038e-04 7.350098464816459121e+00
4.680000000000000000e+02 6.233805446595003907e+00 3.907524274184212665e+00 -5.064200216603842539e-04 7.357246533574747893e+00
4.800000000000000000e+02 6.246800575673799649e+00 3.900455975856783386e+00 5.173590559108036608e-04 7.364514547442743364e+00
4.920000000000000000e+02 6.257644625758990387e+00 3.893143167673519756e+00 -5.294931770625431423e-04 7.369849405968646572e+00
5.040000000000000000e+02 6.268057457555074485e+00 3.886841812772860560e+00 5.426482873682456944e-04 7.375370083134701105e+00
5.160000000000000000e+02 6.276680074327191328e+00 3.881691949446105738e+00 -5.577215317436459230e-04 7.379989529593115272e+00
5.280000000000000000e+02 6.282592527855584308e+00 3.876976869090970279e+00 5.740310392392973787e-04 7.382541489490247244e+00
5.400000000000000000e+02 6.288051095518673250e+00 3.873192091413243165e+00 -5.920304805930892049e-04 7.385201683592653055e+00
5.520000000000000000e+02 6.292114741318717286e+00 3.869697082659637744e+00 6.112716240425732951e-04 7.386830430104498468e+00
5.640000000000000000e+02 6.296275028558845577e+00 3.866503594543213573e+00 -6.312440596877604742e-04 7.388702841523561382e+00
5.760000000000000000e+02 6.299727705309495995e+00 3.864218935283741274e+00 6.528952418140924205e-04 7.390450430597694798e+00
5.880000000000000000e+02 6.301545442227340033e+00 3.862827769167927805e+00 -6.760439841328316291e-04 7.391272812699210881e+00
6.000000000000000000e+02 6.302727905110126372e+00 3.862204845118018426e+00 7.002086052428087943e-04 7.391955478883721398e+00
6.120000000000000000e+02 6.304133229862218357e+00 3.860855652591736575e+00 -7.253995022141657058e-04 7.392449031018546002e+00
6.240000000000000000e+02 6.304978075543254512e+00 3.860041952158103307e+00 7.519004580379843932e-04 7.392744616910282396e+00
6.360000000000000000e+02 6.305432512555038116e+00 3.859817689573632915e+00 -7.794482666217862491e-04 7.393015107158328547e+00
6.480000000000000000e+02 6.305466593976778888e+00 3.859387562892863777e+00 8.082856609084396876e-04 7.392819623235436843e+00
6.600000000000000000e+02 6.305287512364362357e+00 3.859501662996147164e+00 -8.378078124055906998e-04 7.392726452545767657e+00
6.720000000000000000e+02 6.305605930857805852e+00 3.859505684354882948e+00 8.683229818991810341e-04 7.393000137753386269e+00
6.840000000000000000e+02 6.306007205524041481e+00 3.858897432918840575e+00 -9.003589983807276740e-04 7.393024894084630816e+00
6.960000000000000000e+02 6.305758988098854267e+00 3.858993512876714327e+00 9.341477504748582281e-04 7.392863330337310579e+00
7.080000000000000000e+02 6.305967167385088779e+00 3.859004373759432394e+00 -9.695518778345444495e-04 7.393046571804075207e+00
7.200000000000000000e+02 6.306116882146333147e+00 3.858842033164058272e+00 1.006263594083874188e-03 7.393089542320661955e+00
7.320000000000000000e+02 6.306780478660342304e+00 3.858907815334975844e+00 -1.044724964311164904e-03 7.393689919432298474e+00
7.440000000000000000e+02 6.305626836232933741e+00 3.859206156909976038e+00 1.084661247433997772e-03 7.392861633754742812e+00
7.560000000000000000e+02 6.305471417224281616e+00 3.860224301992424500e+00 -1.126820794257890959e-03 7.393260628765253806e+00
7.680000000000000000e+02 6.304257957554942671e+00 3.861307437462050629e+00 1.170877305172830871e-03 7.392791414137709793e+00
7.800000000000000000e+02 6.304040280186230305e+00 3.862658948680449900e+00 -1.217223454473733736e-03 7.393311807956200354e+00
7.920000000000000000e+02 6.303734059183542904e+00 3.863539129574887099e+00 1.265710953163495583e-03 7.393510620584184068e+00
8.040000000000000000e+02 6.304213134162865551e+00 3.864940083255051118e+00 -1.316348670533984844e-03 7.394651230509588835e+00
8.160000000000000000e+02 6.303926762064283373e+00 3.865692697916091713e+00 1.369904305483008594e-03 7.394800506628280701e+00
8.280000000000000000e+02 6.304463158041087034e+00 3.866050930240621408e+00 -1.426574337728488519e-03 7.395445053641201305e+00
8.400000000000000000e+02 6.304102584485074878e+00 3.866812440876754575e+00 1.485536966721688135e-03 7.395535819360942398e+00
8.520000000000000000e+02 6.303752352100698175e+00 3.868052631640387595e+00 -1.547309456518290369e-03 7.395885834159541261e+00
8.640000000000000000e+02 6.303620075303881798e+00 3.867963357430050486e+00 1.611355352416136066e-03 7.395726413589252424e+00
8.760000000000000000e+02 6.303991499709844959e+00 3.869890843128175550e+00 -1.678966736977749712e-03 7.397051222282470029e+00
8.880000000000000000e+02 6.302949107853341282e+00 3.870565353077319859e+00 1.748502899071194532e-03 7.396515846389715598e+00
9.000000000000000000e+02 6.304392941222332958e+00 3.871581737901530040e+00 -1.822230129134382861e-03 7.398278099065298541e+00
9.120000000000000000e+02 6.303831195134597110e+00 3.872005342284459584e+00 1.897137255430571354e-03 7.398021134503554030e+00
9.240000000000000000e+02 6.303517033775626999e+00 3.872553677684307250e+00 -1.977854676757398195e-03 7.398040476609658356e+00
9.360000000000000000e+02 6.303398424438684700e+00 3.872416161590015893e+00 2.057308929876296068e-03 7.397867453413833339e+00
9.480000000000000000e+02 6.303338659480583139e+00 3.873951001253852944e+00 -2.147959706366242907e-03 7.398620089580833614e+00
9.600000000000000000e+02 6.303530734768364674e+00 3.874358420535807923e+00 2.227279447283614638e-03 7.398997084451368167e+00
9.720000000000000000e+02 6.302007548421953764e+00 3.878119055313971941e+00 -2.340756069668161691e-03 7.399669724163072004e+00
9.840000000000000000e+02 6.304746552320387387e+00 3.881462723449139673e+00 2.401628453527218220e-03 7.403754975033969288e+00
9.960000000000000000e+02 6.303350761526495205e+00 3.884193619426443700e+00 -2.584185537091267856e-03 7.403998755675519128e+00
1.008000000000000000e+03 6.297557350261753228e+00 3.884993092089345623e+00 2.562147211723763817e-03 7.399486905861521358e+00
1.020000000000000000e+03 6.295715536149555369e+00 3.883736508081978567e+00 -2.922479389922923339e-03 7.397259757316182238e+00
1.032000000000000000e+03 6.294718353387088960e+00 3.881553568718163483e+00 2.623295072019026473e-03 7.395264980849165504e+00
1.044000000000000000e+03 6.294789649610486926e+00 3.878365332155524037e+00 -3.386608373082870740e-03 7.393653078933675182e+00
1.056000000000000000e+03 6.297388323906880636e+00 3.875512887286640673e+00 2.649674238639979605e-03 7.394369943570386461e+00
1.068000000000000000e+03 6.302107609512013653e+00 3.866563452431187820e+00 -4.093560003598346007e-03 7.393706107952851880e+00
1.080000000000000000e+03 6.303182585334692334e+00 3.864026251111892574e+00 3.116757196096465836e-03 7.393295563381987456e+00
1.092000000000000000e+03 6.306911469731101505e+00 3.855755014278730908e+00 -3.653255915327338448e-03 7.392157490438098222e+00
1.104000000000000000e+03 6.304926141186278699e+00 3.862156451678992575e+00 3.723937344821461395e-03 7.393805513453076905e+00
1.116000000000000000e+03 6.307382486723629889e+00 3.854046358809804396e+00 -3.756744242089803294e-03 7.391668369374425396e+00
1.128000000000000000e+03 6.304026241731708780e+00 3.864164298781358031e+00 4.235781753740605615e-03 7.394087538450265562e+00
1.140000000000000000e+03 6.305517279035957046e+00 3.853589831996523607e+00 -3.362402276311038298e-03 7.389838567603292496e+00
1.152000000000000000e+03 6.305107408288465720e+00 3.863226891649568895e+00 4.701542198675447148e-03 7.394519832343242172e+00
1.164000000000000000e+03 6.305589638108046735e+00 3.855949009910413672e+00 -2.988907662260803771e-03 7.391130656727269432e+00
1.176000000000000000e+03 6.307052033648401057e+00 3.856682056381582679e+00 3.388252971460847980e-03 7.392760872598429955e+00
1.188000000000000000e+03 6.303520342900754692e+00 3.859466083666668990e+00 -2.964714398328594739e-03 7.391201252426323087e+00
1.200000000000000000e+03 6.305440999696720894e+00 3.857786658206121544e+00 2.868020250734965113e-03 7.391962684323405419e+00
1.212000000000000000e+03 6.304424313970271143e+00 3.858670333560258570e+00 -2.671060740755678425e-03 7.391556656634855393e+00
1.224000000000000000e+03 6.303987570225447534e+00 3.861579566861972346e+00 2.513894016722263355e-03 7.392703318572034554e+00
1.236000000000000000e+03 6.304579144903180499e+00 3.851015570999198889e+00 -2.350526115576499677e-03 7.387695489623230749e+00
1.248000000000000000e+03 6.304945846258919850e+00 3.869353861933705563e+00 2.183356146747846092e-03 7.397583808255432380e+00
1.260000000000000000e+03 6.306662027336714438e+00 3.847048627628298689e+00 -2.021456541187226143e-03 7.387406389029519183e+00
1.272000000000000000e+03 6.303948839802782977e+00 3.872851010637197167e+00 1.860176808429924193e-03 7.398564008353389454e+00
1.284000000000000000e+03 6.307361217604437797e+00 3.842530183234153629e+00 -1.697226897679737431e-03 7.385651401128079385e+00
1.296000000000000000e+03 6.303427329519940336e+00 3.875256450243031559e+00 1.535567290649148897e-03 7.399379096360451769e+00
1.308000000000000000e+03 6.307294022899796460e+00 3.840759518017898611e+00 -1.372907667273175767e-03 7.384672873691023653e+00
1.320000000000000000e+03 6.303632365302877183e+00 3.875874088435995457e+00 1.212024200291974977e-03 7.399877189204302042e+00
1.332000000000000000e+03 6.307160903453493006e+00 3.840653012095320396e+00 -1.050896215353059986e-03 7.384503729144700657e+00
1.344000000000000000e+03 6.303793908308441551e+00 3.875731883508078290e+00 8.907430542684634679e-04 7.399940274400252704e+00
1.356000000000000000e+03 6.307014135952991651e+00 3.840922046715151250e+00 -7.311789954833724636e-04 7.384518265579420593e+00
1.368000000000000000e+03 6.303949251578737645e+00 3.875392813220315258e+00 5.723873946425963189e-04 7.399894995935221154e+00
1.380000000000000000e+03 6.306860037237743022e+00 3.841311575783357135e+00 -4.142575619847082961e-04 7.384589245392259471e+00
1.392000000000000000e+03 6.304117058816852470e+00 3.874966501386969853e+00 2.569105039931738059e-04 7.399814683094423806e+00
1.404000000000000000e+03 6.306686549311834256e+00 3.841760911742219342e+00 -1.002414108196551139e-04 7.384674816422830190e+00
1.416000000000000000e+03 6.304300605064574903e+00 3.874499092954728940e+00 -5.565159453771004492e-05 7.399726301926421890e+00
1.428000000000000000e+03 6.306496126823073034e+00 3.842240024781678365e+00 2.108418699193136093e-04 7.384761461964972185e+00
1.440000000000000000e+03 6.304497340701536778e+00 3.874005958424505014e+00 -3.652328311991344259e-04 7.399635735508629075e+00
1.452000000000000000e+03 6.306292387632907115e+00 3.842738556557658836e+00 5.188976278755865271e-04 7.384846888164055656e+00
1.464000000000000000e+03 6.304703936631244510e+00 3.873497878257466276e+00 -6.717337988491000299e-04 7.399545796375944562e+00
1.476000000000000000e+03 6.306079420071596608e+00 3.843248192475137159e+00 8.238123381441774190e-04 7.384930263711411591e+00
1.488000000000000000e+03 6.304917580090511287e+00 3.872980671182118417e+00 -9.750342624625898047e-04 7.399457136964609383e+00
1.500000000000000000e+03 6.305859692057860677e+00 3.843766322095083066e+00 1.125480522530516135e-03 7.385012339969299511e+00
1.512000000000000000e+03 6.305138320898361570e+00 3.872457914971398019e+00 -1.275046418634900565e-03 7.399371674313232283e+00
1.524000000000000000e+03 6.305633553538977587e+00 3.844290056328602656e+00 1.423812390714995508e-03 7.385091913845439393e+00
1.536000000000000000e+03 6.305366322379621025e+00 3.871932796849557157e+00 -1.571667054140554569e-03 7.399291216924474668e+00
1.548000000000000000e+03 6.305401408301348987e+00 3.844816425684703276e+00 1.718684169280206659e-03 7.385167785561733922e+00
1.560000000000000000e+03 6.305601768157950815e+00 3.871406780180613794e+00 -1.864765721114331875e-03 7.399216687837726347e+00
1.572000000000000000e+03 6.305164339803430273e+00 3.845345256280341850e+00 2.009992348310755614e-03 7.385240790386985665e+00
1.584000000000000000e+03 6.305844020009255146e+00 3.870877321106331426e+00 -2.154273213097331833e-03 7.399146212951523971e+00
1.596000000000000000e+03 6.304921150705968813e+00 3.845876033584858522e+00 2.297689214118550042e-03 7.385309638850467095e+00
1.608000000000000000e+03 6.306091705906911038e+00 3.870343135530178724e+00 -2.440151625617377994e-03 7.399077952312264728e+00
1.620000000000000000e+03 6.304670351211542290e+00 3.846408793498314438e+00 2.581732662300999844e-03 7.385373078558087556e+00
1.632000000000000000e+03 6.306345905950126784e+00 3.869806062224771637e+00 -2.722361599390884113e-03 7.399013789416680531e+00
1.644000000000000000e+03 6.304413360002048883e+00 3.846946014536825498e+00 2.862095396040030895e-03 7.385433612464683328e+00
1.656000000000000000e+03 6.306607844649076533e+00 3.869263390182870133e+00 -3.000874114219916674e-03 7.398953351254768052e+00
1.668000000000000000e+03 6.304150061307122854e+00 3.847488000703144451e+00 3.138732228403286716e-03 7.385491301374152329e+00
1.680000000000000000e+03 6.306874995866055933e+00 3.868709772492235022e+00 -3.275628582065218987e-03 7.398891690449319825e+00
1.692000000000000000e+03 6.303880370686395729e+00 3.848038945881465001e+00 3.411581818036081050e-03 7.385548259664700410e+00
1.704000000000000000e+03 6.307143947284572505e+00 3.868143408863824018e+00 -3.546572460833640784e-03 7.398824959510887034e+00
1.716000000000000000e+03 6.303610585137957578e+00 3.848607188323242667e+00 3.680615857855595949e-03 7.385614209123689378e+00
1.728000000000000000e+03 6.307411001761213498e+00 3.867562425685227012e+00 -3.813713304312979155e-03 7.398749029810360867e+00
1.740000000000000000e+03 6.303348761469257155e+00 3.849196107639382358e+00 3.945870043238904404e-03 7.385697790572844035e+00
1.752000000000000000e+03 6.307667121518407249e+00 3.866956849113661221e+00 -4.077129895023627777e-03 7.398650985941933378e+00
1.764000000000000000e+03 6.303105050823914368e+00 3.849807454346398927e+00 4.207418162962497758e-03 7.385808582655703169e+00
1.776000000000000000e+03 6.307893160349652639e+00 3.866295130969575222e+00 -4.336957066515210665e-03 7.398498021310917494e+00
1.788000000000000000e+03 6.302928576464516652e+00 3.850444739478662726e+00 4.465298760167776305e-03 7.385990337841293218e+00
1.800000000000000000e+03 6.307980387964902569e+00 3.865459299783922997e+00 -4.594143929179977069e-03 7.398135797577272577e+00
1.812000000000000000e+03 6.303234369882382282e+00 3.851414965610545860e+00 4.717891216248022192e-03 7.386757273492405851e+00
1.824000000000000000e+03 6.307562203622292252e+00 3.864145706180871720e+00 -4.846374454231048255e-03 7.397093110033557295e+00
1.836000000000000000e+03 6.303649317217794312e+00 3.852332091479848231e+00 4.981587973063541196e-03 7.387589733717256024e+00
1.848000000000000000e+03 6.304340843886036438e+00 3.861620521041838394e+00 -5.090353346104575273e-03 7.393027284956977141e+00
1.860000000000000000e+03 6.304186351560495005e+00 3.853412762757359999e+00 5.236437650309515475e-03 7.388611702861519248e+00
1.872000000000000000e+03 6.302855705774435435e+00 3.858373073559865585e+00 -5.357981942278827389e-03 7.390065055908212166e+00
1.884000000000000000e+03 6.306763370169232275e+00 3.857012936086467558e+00 5.497917967517656872e-03 7.392688497667726288e+00
1.896000000000000000e+03 6.305421035001032237e+00 3.858815675072798435e+00 -5.631518239246174375e-03 7.392484329156112643e+00
1.908000000000000000e+03 6.308160577432547989e+00 3.861183288771209643e+00 5.823670038905028046e-03 7.396057069499458514e+00
1.920000000000000000e+03 6.308846986249184496e+00 3.863658129094316163e+00 -5.939444467724114100e-03 7.397934827465202368e+00
